Vertex Count: 1536

Data:

13.875 3.25 -13.875 0.8017 0.8924 1 0 0
13.875 3.25 -7.3378 0.7919 0.8432 1 0 0
13.875 1 -7.3378 0.8023 0.846 1 0 0
13.875 1 -7.3378 0.8023 0.846 1 0 0
13.875 1 -13.875 0.8118 0.8919 1 0 0
13.875 3.25 -13.875 0.8017 0.8924 1 0 0
13.875 3.25 -7.3378 0.7919 0.8432 0.2889 0 -0.9574
14.9154 3.25 -7.0239 0.8007 0.8361 0.3811 0 -0.9245
14.9154 1 -7.0239 0.8085 0.841 0.3811 0 -0.9245
14.9154 1 -7.0239 0.8085 0.841 0.3811 0 -0.9245
13.875 1 -7.3378 0.8023 0.846 0.2889 0 -0.9574
13.875 3.25 -7.3378 0.7919 0.8432 0.2889 0 -0.9574
14.9154 3.25 -7.0239 0.8007 0.8361 0.3811 0 -0.9245
16.2236 3.25 -6.3276 0.8076 0.8278 0.5526 0 -0.8334
16.2236 1 -6.3276 0.8161 0.833 0.5526 0 -0.8334
16.2236 1 -6.3276 0.8161 0.833 0.5526 0 -0.8334
14.9154 1 -7.0239 0.8085 0.841 0.3811 0 -0.9245
14.9154 3.25 -7.0239 0.8007 0.8361 0.3811 0 -0.9245
16.2236 3.25 -6.3276 0.8076 0.8278 0.5526 0 -0.8334
17.3645 3.25 -5.4014 0.8132 0.8183 0.7018 0 -0.7123
17.3645 1 -5.4014 0.8225 0.8227 0.7018 0 -0.7123
17.3645 1 -5.4014 0.8225 0.8227 0.7018 0 -0.7123
16.2236 1 -6.3276 0.8161 0.833 0.5526 0 -0.8334
16.2236 3.25 -6.3276 0.8076 0.8278 0.5526 0 -0.8334
17.3645 3.25 -5.4014 0.8132 0.8183 0.7018 0 -0.7123
18.307 3.25 -4.2751 0.8172 0.808 0.8255 0 -0.5644
18.307 1 -4.2751 0.8271 0.8109 0.8255 0 -0.5644
18.307 1 -4.2751 0.8271 0.8109 0.8255 0 -0.5644
17.3645 1 -5.4014 0.8225 0.8227 0.7018 0 -0.7123
17.3645 3.25 -5.4014 0.8132 0.8183 0.7018 0 -0.7123
18.307 3.25 -4.2751 0.8172 0.808 0.8255 0 -0.5644
19.0196 3.25 -2.9787 0.8194 0.797 0.9197 0 -0.3926
19.0196 1 -2.9787 0.8296 0.7981 0.9197 0 -0.3926
19.0196 1 -2.9787 0.8296 0.7981 0.9197 0 -0.3926
18.307 1 -4.2751 0.8271 0.8109 0.8255 0 -0.5644
18.307 3.25 -4.2751 0.8172 0.808 0.8255 0 -0.5644
19.0196 3.25 -2.9787 0.8194 0.797 0.9197 0 -0.3926
19.4705 3.25 -1.5427 0.8194 0.7856 0.9795 0 -0.2015
19.4705 1 -1.5427 0.8297 0.7847 0.9795 0 -0.2015
19.4705 1 -1.5427 0.8297 0.7847 0.9795 0 -0.2015
19.0196 1 -2.9787 0.8296 0.7981 0.9197 0 -0.3926
19.0196 3.25 -2.9787 0.8194 0.797 0.9197 0 -0.3926
19.4705 3.25 -1.5427 0.8194 0.7856 0.9795 0 -0.2015
19.6276 3.25 0 0.8171 0.774 1 0 0
19.6276 1 0 0.827 0.7711 1 0 0
19.6276 1 0 0.827 0.7711 1 0 0
19.4705 1 -1.5427 0.8297 0.7847 0.9795 0 -0.2015
19.4705 3.25 -1.5427 0.8194 0.7856 0.9795 0 -0.2015
19.6276 3.25 0 0.8171 0.774 1 0 0
19.4705 3.25 1.5427 0.8126 0.7631 0.9795 0 0.2015
19.4705 1 1.5426 0.8217 0.7583 0.9795 0 0.2015
19.4705 1 1.5426 0.8217 0.7583 0.9795 0 0.2015
19.6276 1 0 0.827 0.7711 1 0 0
19.6276 3.25 0 0.8171 0.774 1 0 0
19.4705 3.25 1.5427 0.8126 0.7631 0.9795 0 0.2015
19.0196 3.25 2.9786 0.8063 0.7536 0.9197 0 0.3926
19.0196 1 2.9786 0.8143 0.7471 0.9197 0 0.3926
19.0196 1 2.9786 0.8143 0.7471 0.9197 0 0.3926
19.4705 1 1.5426 0.8217 0.7583 0.9795 0 0.2015
19.4705 3.25 1.5427 0.8126 0.7631 0.9795 0 0.2015
19.0196 3.25 2.9786 0.8063 0.7536 0.9197 0 0.3926
18.307 3.25 4.2751 0.7984 0.7457 0.8255 0 0.5644
18.3069 1 4.2751 0.8051 0.7378 0.8255 0 0.5644
18.3069 1 4.2751 0.8051 0.7378 0.8255 0 0.5644
19.0196 1 2.9786 0.8143 0.7471 0.9197 0 0.3926
19.0196 3.25 2.9786 0.8063 0.7536 0.9197 0 0.3926
18.307 3.25 4.2751 0.7984 0.7457 0.8255 0 0.5644
17.3645 3.25 5.4014 0.7892 0.7393 0.7018 0 0.7123
17.3645 1 5.4014 0.7946 0.7306 0.7018 0 0.7123
17.3645 1 5.4014 0.7946 0.7306 0.7018 0 0.7123
18.3069 1 4.2751 0.8051 0.7378 0.8255 0 0.5644
18.307 3.25 4.2751 0.7984 0.7457 0.8255 0 0.5644
17.3645 3.25 5.4014 0.7892 0.7393 0.7018 0 0.7123
16.2236 3.25 6.3276 0.7793 0.7347 0.5526 0 0.8334
16.2236 1 6.3276 0.7836 0.7255 0.5526 0 0.8334
16.2236 1 6.3276 0.7836 0.7255 0.5526 0 0.8334
17.3645 1 5.4014 0.7946 0.7306 0.7018 0 0.7123
17.3645 3.25 5.4014 0.7892 0.7393 0.7018 0 0.7123
16.2236 3.25 6.3276 0.7793 0.7347 0.5526 0 0.8334
14.9154 3.25 7.0238 0.7687 0.7318 0.3812 0 0.9245
14.9154 1 7.0238 0.773 0.7228 0.3812 0 0.9245
14.9154 1 7.0238 0.773 0.7228 0.3812 0 0.9245
16.2236 1 6.3276 0.7836 0.7255 0.5526 0 0.8334
16.2236 3.25 6.3276 0.7793 0.7347 0.5526 0 0.8334
14.9154 3.25 7.0238 0.7687 0.7318 0.3812 0 0.9245
13.875 3.25 7.3378 0.7575 0.7309 0.2889 0 0.9574
13.875 1 7.3378 0.7642 0.7222 0.2889 0 0.9574
13.875 1 7.3378 0.7642 0.7222 0.2889 0 0.9574
14.9154 1 7.0238 0.773 0.7228 0.3812 0 0.9245
14.9154 3.25 7.0238 0.7687 0.7318 0.3812 0 0.9245
13.875 3.25 7.3378 0.7575 0.7309 1 0 0
13.875 3.25 13.875 0.7377 0.6848 1 0 0
13.875 1 13.875 0.746 0.68 1 0 0
13.875 1 13.875 0.746 0.68 1 0 0
13.875 1 7.3378 0.7642 0.7222 1 0 0
13.875 3.25 7.3378 0.7575 0.7309 1 0 0
13.875 3.25 13.875 0.7377 0.6848 0 0 1
7.3378 3.25 13.875 0.6885 0.6946 0 0 1
7.3378 1 13.875 0.6913 0.6842 0 0 1
7.3378 1 13.875 0.6913 0.6842 0 0 1
13.875 1 13.875 0.7372 0.6747 0 0 1
13.875 3.25 13.875 0.7377 0.6848 0 0 1
7.3378 3.25 13.875 0.6885 0.6946 0.9574 0 0.2889
7.0238 3.25 14.9154 0.6814 0.6858 0.9245 0 0.3812
7.0238 1 14.9154 0.6863 0.678 0.9245 0 0.3812
7.0238 1 14.9154 0.6863 0.678 0.9245 0 0.3812
7.3378 1 13.875 0.6913 0.6842 0.9574 0 0.2889
7.3378 3.25 13.875 0.6885 0.6946 0.9574 0 0.2889
7.0238 3.25 14.9154 0.6814 0.6858 0.9245 0 0.3812
6.3276 3.25 16.2236 0.6731 0.6789 0.8334 0 0.5526
6.3276 1 16.2236 0.6783 0.6704 0.8334 0 0.5526
6.3276 1 16.2236 0.6783 0.6704 0.8334 0 0.5526
7.0238 1 14.9154 0.6863 0.678 0.9245 0 0.3812
7.0238 3.25 14.9154 0.6814 0.6858 0.9245 0 0.3812
6.3276 3.25 16.2236 0.6731 0.6789 0.8334 0 0.5526
5.4014 3.25 17.3645 0.6637 0.6733 0.7123 0 0.7018
5.4014 1 17.3645 0.668 0.664 0.7123 0 0.7018
5.4014 1 17.3645 0.668 0.664 0.7123 0 0.7018
6.3276 1 16.2236 0.6783 0.6704 0.8334 0 0.5526
6.3276 3.25 16.2236 0.6731 0.6789 0.8334 0 0.5526
5.4014 3.25 17.3645 0.6637 0.6733 0.7123 0 0.7018
4.2751 3.25 18.307 0.6533 0.6692 0.5644 0 0.8255
4.2751 1 18.307 0.6562 0.6594 0.5644 0 0.8255
4.2751 1 18.307 0.6562 0.6594 0.5644 0 0.8255
5.4014 1 17.3645 0.668 0.664 0.7123 0 0.7018
5.4014 3.25 17.3645 0.6637 0.6733 0.7123 0 0.7018
4.2751 3.25 18.307 0.6533 0.6692 0.5644 0 0.8255
2.9786 3.25 19.0196 0.6423 0.6671 0.3926 0 0.9197
2.9786 1 19.0196 0.6434 0.6569 0.3926 0 0.9197
2.9786 1 19.0196 0.6434 0.6569 0.3926 0 0.9197
4.2751 1 18.307 0.6562 0.6594 0.5644 0 0.8255
4.2751 3.25 18.307 0.6533 0.6692 0.5644 0 0.8255
2.9786 3.25 19.0196 0.6423 0.6671 0.3926 0 0.9197
1.5426 3.25 19.4705 0.6309 0.6671 0.2015 0 0.9795
1.5426 1 19.4705 0.63 0.6568 0.2015 0 0.9795
1.5426 1 19.4705 0.63 0.6568 0.2015 0 0.9795
2.9786 1 19.0196 0.6434 0.6569 0.3926 0 0.9197
2.9786 3.25 19.0196 0.6423 0.6671 0.3926 0 0.9197
1.5426 3.25 19.4705 0.6309 0.6671 0.2015 0 0.9795
-0 3.25 19.6276 0.6193 0.6693 0 0 1
0 1 19.6276 0.6164 0.6595 0 0 1
0 1 19.6276 0.6164 0.6595 0 0 1
1.5426 1 19.4705 0.63 0.6568 0.2015 0 0.9795
1.5426 3.25 19.4705 0.6309 0.6671 0.2015 0 0.9795
-0 3.25 19.6276 0.6193 0.6693 0 0 1
-1.5427 3.25 19.4705 0.6084 0.6739 -0.2015 0 0.9795
-1.5427 1 19.4705 0.6036 0.6648 -0.2015 0 0.9795
-1.5427 1 19.4705 0.6036 0.6648 -0.2015 0 0.9795
0 1 19.6276 0.6164 0.6595 0 0 1
-0 3.25 19.6276 0.6193 0.6693 0 0 1
-1.5427 3.25 19.4705 0.6084 0.6739 -0.2015 0 0.9795
-2.9787 3.25 19.0196 0.5989 0.6802 -0.3926 0 0.9197
-2.9786 1 19.0196 0.5925 0.6722 -0.3926 0 0.9197
-2.9786 1 19.0196 0.5925 0.6722 -0.3926 0 0.9197
-1.5427 1 19.4705 0.6036 0.6648 -0.2015 0 0.9795
-1.5427 3.25 19.4705 0.6084 0.6739 -0.2015 0 0.9795
-2.9787 3.25 19.0196 0.5989 0.6802 -0.3926 0 0.9197
-4.2751 3.25 18.307 0.591 0.6881 -0.5644 0 0.8255
-4.2751 1 18.307 0.5831 0.6814 -0.5644 0 0.8255
-4.2751 1 18.307 0.5831 0.6814 -0.5644 0 0.8255
-2.9786 1 19.0196 0.5925 0.6722 -0.3926 0 0.9197
-2.9787 3.25 19.0196 0.5989 0.6802 -0.3926 0 0.9197
-4.2751 3.25 18.307 0.591 0.6881 -0.5644 0 0.8255
-5.4014 3.25 17.3645 0.5847 0.6972 -0.7123 0 0.7018
-5.4014 1 17.3645 0.5759 0.6918 -0.7123 0 0.7018
-5.4014 1 17.3645 0.5759 0.6918 -0.7123 0 0.7018
-4.2751 1 18.307 0.5831 0.6814 -0.5644 0 0.8255
-4.2751 3.25 18.307 0.591 0.6881 -0.5644 0 0.8255
-5.4014 3.25 17.3645 0.5847 0.6972 -0.7123 0 0.7018
-6.3277 3.25 16.2236 0.58 0.7072 -0.8334 0 0.5526
-6.3277 1 16.2236 0.5708 0.7028 -0.8334 0 0.5526
-6.3277 1 16.2236 0.5708 0.7028 -0.8334 0 0.5526
-5.4014 1 17.3645 0.5759 0.6918 -0.7123 0 0.7018
-5.4014 3.25 17.3645 0.5847 0.6972 -0.7123 0 0.7018
-6.3277 3.25 16.2236 0.58 0.7072 -0.8334 0 0.5526
-7.0239 3.25 14.9154 0.5771 0.7178 -0.9245 0 0.3812
-7.0239 1 14.9154 0.5681 0.7135 -0.9245 0 0.3812
-7.0239 1 14.9154 0.5681 0.7135 -0.9245 0 0.3812
-6.3277 1 16.2236 0.5708 0.7028 -0.8334 0 0.5526
-6.3277 3.25 16.2236 0.58 0.7072 -0.8334 0 0.5526
-7.0239 3.25 14.9154 0.5771 0.7178 -0.9245 0 0.3812
-7.3378 3.25 13.875 0.5762 0.729 -0.9574 0 0.2889
-7.3378 1 13.875 0.5675 0.7222 -0.9574 0 0.2889
-7.3378 1 13.875 0.5675 0.7222 -0.9574 0 0.2889
-7.0239 1 14.9154 0.5681 0.7135 -0.9245 0 0.3812
-7.0239 3.25 14.9154 0.5771 0.7178 -0.9245 0 0.3812
-7.3378 3.25 13.875 0.5762 0.729 0 0 1
-13.875 3.25 13.875 0.5301 0.7488 0 0 1
-13.875 1 13.875 0.5253 0.7405 0 0 1
-13.875 1 13.875 0.5253 0.7405 0 0 1
-7.3378 1 13.875 0.5675 0.7222 0 0 1
-7.3378 3.25 13.875 0.5762 0.729 0 0 1
-13.875 3.25 13.875 0.5301 0.7488 -1 0 0
-13.875 3.25 7.3378 0.5399 0.798 -1 0 0
-13.875 1 7.3378 0.5295 0.7952 -1 0 0
-13.875 1 7.3378 0.5295 0.7952 -1 0 0
-13.875 1 13.875 0.52 0.7492 -1 0 0
-13.875 3.25 13.875 0.5301 0.7488 -1 0 0
-13.875 3.25 7.3378 0.5399 0.798 -0.2889 0 0.9574
-14.9154 3.25 7.0239 0.5311 0.8051 -0.3811 0 0.9245
-14.9154 1 7.0239 0.5233 0.8002 -0.3811 0 0.9245
-14.9154 1 7.0239 0.5233 0.8002 -0.3811 0 0.9245
-13.875 1 7.3378 0.5295 0.7952 -0.2889 0 0.9574
-13.875 3.25 7.3378 0.5399 0.798 -0.2889 0 0.9574
-14.9154 3.25 7.0239 0.5311 0.8051 -0.3811 0 0.9245
-16.2236 3.25 6.3277 0.5242 0.8134 -0.5526 0 0.8334
-16.2236 1 6.3277 0.5157 0.8082 -0.5526 0 0.8334
-16.2236 1 6.3277 0.5157 0.8082 -0.5526 0 0.8334
-14.9154 1 7.0239 0.5233 0.8002 -0.3811 0 0.9245
-14.9154 3.25 7.0239 0.5311 0.8051 -0.3811 0 0.9245
-16.2236 3.25 6.3277 0.5242 0.8134 -0.5526 0 0.8334
-17.3645 3.25 5.4014 0.5186 0.8228 -0.7018 0 0.7123
-17.3645 1 5.4014 0.5093 0.8185 -0.7018 0 0.7123
-17.3645 1 5.4014 0.5093 0.8185 -0.7018 0 0.7123
-16.2236 1 6.3277 0.5157 0.8082 -0.5526 0 0.8334
-16.2236 3.25 6.3277 0.5242 0.8134 -0.5526 0 0.8334
-17.3645 3.25 5.4014 0.5186 0.8228 -0.7018 0 0.7123
-18.307 3.25 4.2752 0.5145 0.8332 -0.8255 0 0.5644
-18.307 1 4.2752 0.5046 0.8303 -0.8255 0 0.5644
-18.307 1 4.2752 0.5046 0.8303 -0.8255 0 0.5644
-17.3645 1 5.4014 0.5093 0.8185 -0.7018 0 0.7123
-17.3645 3.25 5.4014 0.5186 0.8228 -0.7018 0 0.7123
-18.307 3.25 4.2752 0.5145 0.8332 -0.8255 0 0.5644
-19.0196 3.25 2.9787 0.5124 0.8442 -0.9197 0 0.3926
-19.0196 1 2.9787 0.5022 0.8431 -0.9197 0 0.3926
-19.0196 1 2.9787 0.5022 0.8431 -0.9197 0 0.3926
-18.307 1 4.2752 0.5046 0.8303 -0.8255 0 0.5644
-18.307 3.25 4.2752 0.5145 0.8332 -0.8255 0 0.5644
-19.0196 3.25 2.9787 0.5124 0.8442 -0.9197 0 0.3926
-19.4705 3.25 1.5427 0.5124 0.8556 -0.9795 0 0.2015
-19.4705 1 1.5427 0.5021 0.8565 -0.9795 0 0.2015
-19.4705 1 1.5427 0.5021 0.8565 -0.9795 0 0.2015
-19.0196 1 2.9787 0.5022 0.8431 -0.9197 0 0.3926
-19.0196 3.25 2.9787 0.5124 0.8442 -0.9197 0 0.3926
-19.4705 3.25 1.5427 0.5124 0.8556 -0.9795 0 0.2015
-19.6276 3.25 0 0.5146 0.8672 -1 0 0
-19.6276 1 0 0.5048 0.8701 -1 0 0
-19.6276 1 0 0.5048 0.8701 -1 0 0
-19.4705 1 1.5427 0.5021 0.8565 -0.9795 0 0.2015
-19.4705 3.25 1.5427 0.5124 0.8556 -0.9795 0 0.2015
-19.6276 3.25 0 0.5146 0.8672 -1 0 0
-19.4705 3.25 -1.5426 0.5192 0.8781 -0.9795 0 -0.2015
-19.4705 1 -1.5426 0.5101 0.8829 -0.9795 0 -0.2015
-19.4705 1 -1.5426 0.5101 0.8829 -0.9795 0 -0.2015
-19.6276 1 0 0.5048 0.8701 -1 0 0
-19.6276 3.25 0 0.5146 0.8672 -1 0 0
-19.4705 3.25 -1.5426 0.5192 0.8781 -0.9795 0 -0.2015
-19.0196 3.25 -2.9786 0.5255 0.8875 -0.9197 0 -0.3926
-19.0196 1 -2.9786 0.5175 0.894 -0.9197 0 -0.3926
-19.0196 1 -2.9786 0.5175 0.894 -0.9197 0 -0.3926
-19.4705 1 -1.5426 0.5101 0.8829 -0.9795 0 -0.2015
-19.4705 3.25 -1.5426 0.5192 0.8781 -0.9795 0 -0.2015
-19.0196 3.25 -2.9786 0.5255 0.8875 -0.9197 0 -0.3926
-18.3069 3.25 -4.2751 0.5334 0.8955 -0.8255 0 -0.5644
-18.3069 1 -4.2751 0.5267 0.9034 -0.8255 0 -0.5644
-18.3069 1 -4.2751 0.5267 0.9034 -0.8255 0 -0.5644
-19.0196 1 -2.9786 0.5175 0.894 -0.9197 0 -0.3926
-19.0196 3.25 -2.9786 0.5255 0.8875 -0.9197 0 -0.3926
-18.3069 3.25 -4.2751 0.5334 0.8955 -0.8255 0 -0.5644
-17.3645 3.25 -5.4013 0.5425 0.9018 -0.7018 0 -0.7123
-17.3645 1 -5.4014 0.5371 0.9106 -0.7018 0 -0.7123
-17.3645 1 -5.4014 0.5371 0.9106 -0.7018 0 -0.7123
-18.3069 1 -4.2751 0.5267 0.9034 -0.8255 0 -0.5644
-18.3069 3.25 -4.2751 0.5334 0.8955 -0.8255 0 -0.5644
-17.3645 3.25 -5.4013 0.5425 0.9018 -0.7018 0 -0.7123
-16.2236 3.25 -6.3276 0.5525 0.9065 -0.5526 0 -0.8334
-16.2236 1 -6.3276 0.5481 0.9157 -0.5526 0 -0.8334
-16.2236 1 -6.3276 0.5481 0.9157 -0.5526 0 -0.8334
-17.3645 1 -5.4014 0.5371 0.9106 -0.7018 0 -0.7123
-17.3645 3.25 -5.4013 0.5425 0.9018 -0.7018 0 -0.7123
-16.2236 3.25 -6.3276 0.5525 0.9065 -0.5526 0 -0.8334
-14.9154 3.25 -7.0238 0.5631 0.9094 -0.3812 0 -0.9245
-14.9154 1 -7.0238 0.5588 0.9184 -0.3812 0 -0.9245
-14.9154 1 -7.0238 0.5588 0.9184 -0.3812 0 -0.9245
-16.2236 1 -6.3276 0.5481 0.9157 -0.5526 0 -0.8334
-16.2236 3.25 -6.3276 0.5525 0.9065 -0.5526 0 -0.8334
-14.9154 3.25 -7.0238 0.5631 0.9094 -0.3812 0 -0.9245
-13.875 3.25 -7.3377 0.5743 0.9103 -0.2889 0 -0.9574
-13.875 1 -7.3377 0.5675 0.919 -0.2889 0 -0.9574
-13.875 1 -7.3377 0.5675 0.919 -0.2889 0 -0.9574
-14.9154 1 -7.0238 0.5588 0.9184 -0.3812 0 -0.9245
-14.9154 3.25 -7.0238 0.5631 0.9094 -0.3812 0 -0.9245
-13.875 3.25 -7.3377 0.5743 0.9103 -1 0 0
-13.875 3.25 -13.875 0.5941 0.9563 -1 0 0
-13.875 1 -13.875 0.5858 0.9612 -1 0 0
-13.875 1 -13.875 0.5858 0.9612 -1 0 0
-13.875 1 -7.3377 0.5675 0.919 -1 0 0
-13.875 3.25 -7.3377 0.5743 0.9103 -1 0 0
-13.875 3.25 -13.875 0.5941 0.9563 0 0 -1
-7.3378 3.25 -13.875 0.6433 0.9466 0 0 -1
-7.3378 1 -13.875 0.6405 0.957 0 0 -1
-7.3378 1 -13.875 0.6405 0.957 0 0 -1
-13.875 1 -13.875 0.5945 0.9665 0 0 -1
-13.875 3.25 -13.875 0.5941 0.9563 0 0 -1
-7.3378 3.25 -13.875 0.6433 0.9466 -0.9574 0 -0.2888
-7.0239 3.25 -14.9154 0.6504 0.9553 -0.9245 0 -0.3811
-7.0239 1 -14.9154 0.6455 0.9632 -0.9245 0 -0.3811
-7.0239 1 -14.9154 0.6455 0.9632 -0.9245 0 -0.3811
-7.3378 1 -13.875 0.6405 0.957 -0.9574 0 -0.2888
-7.3378 3.25 -13.875 0.6433 0.9466 -0.9574 0 -0.2888
-7.0239 3.25 -14.9154 0.6504 0.9553 -0.9245 0 -0.3811
-6.3277 3.25 -16.2236 0.6587 0.9623 -0.8334 0 -0.5526
-6.3277 1 -16.2236 0.6535 0.9707 -0.8334 0 -0.5526
-6.3277 1 -16.2236 0.6535 0.9707 -0.8334 0 -0.5526
-7.0239 1 -14.9154 0.6455 0.9632 -0.9245 0 -0.3811
-7.0239 3.25 -14.9154 0.6504 0.9553 -0.9245 0 -0.3811
-6.3277 3.25 -16.2236 0.6587 0.9623 -0.8334 0 -0.5526
-5.4014 3.25 -17.3645 0.6681 0.9679 -0.7123 0 -0.7018
-5.4014 1 -17.3645 0.6638 0.9772 -0.7123 0 -0.7018
-5.4014 1 -17.3645 0.6638 0.9772 -0.7123 0 -0.7018
-6.3277 1 -16.2236 0.6535 0.9707 -0.8334 0 -0.5526
-6.3277 3.25 -16.2236 0.6587 0.9623 -0.8334 0 -0.5526
-5.4014 3.25 -17.3645 0.6681 0.9679 -0.7123 0 -0.7018
-4.2751 3.25 -18.307 0.6785 0.9719 -0.5644 0 -0.8255
-4.2751 1 -18.307 0.6756 0.9818 -0.5644 0 -0.8255
-4.2751 1 -18.307 0.6756 0.9818 -0.5644 0 -0.8255
-5.4014 1 -17.3645 0.6638 0.9772 -0.7123 0 -0.7018
-5.4014 3.25 -17.3645 0.6681 0.9679 -0.7123 0 -0.7018
-4.2751 3.25 -18.307 0.6785 0.9719 -0.5644 0 -0.8255
-2.9787 3.25 -19.0196 0.6895 0.9741 -0.3926 0 -0.9197
-2.9787 1 -19.0196 0.6884 0.9843 -0.3926 0 -0.9197
-2.9787 1 -19.0196 0.6884 0.9843 -0.3926 0 -0.9197
-4.2751 1 -18.307 0.6756 0.9818 -0.5644 0 -0.8255
-4.2751 3.25 -18.307 0.6785 0.9719 -0.5644 0 -0.8255
-2.9787 3.25 -19.0196 0.6895 0.9741 -0.3926 0 -0.9197
-1.5427 3.25 -19.4705 0.7009 0.9741 -0.2015 0 -0.9795
-1.5427 1 -19.4705 0.7018 0.9844 -0.2015 0 -0.9795
-1.5427 1 -19.4705 0.7018 0.9844 -0.2015 0 -0.9795
-2.9787 1 -19.0196 0.6884 0.9843 -0.3926 0 -0.9197
-2.9787 3.25 -19.0196 0.6895 0.9741 -0.3926 0 -0.9197
-1.5427 3.25 -19.4705 0.7009 0.9741 -0.2015 0 -0.9795
0 3.25 -19.6276 0.7125 0.9718 0 0 -1
-0 1 -19.6276 0.7154 0.9817 0 0 -1
-0 1 -19.6276 0.7154 0.9817 0 0 -1
-1.5427 1 -19.4705 0.7018 0.9844 -0.2015 0 -0.9795
-1.5427 3.25 -19.4705 0.7009 0.9741 -0.2015 0 -0.9795
0 3.25 -19.6276 0.7125 0.9718 0 0 -1
1.5426 3.25 -19.4705 0.7234 0.9673 0.2015 0 -0.9795
1.5426 1 -19.4705 0.7282 0.9764 0.2015 0 -0.9795
1.5426 1 -19.4705 0.7282 0.9764 0.2015 0 -0.9795
-0 1 -19.6276 0.7154 0.9817 0 0 -1
0 3.25 -19.6276 0.7125 0.9718 0 0 -1
1.5426 3.25 -19.4705 0.7234 0.9673 0.2015 0 -0.9795
2.9786 3.25 -19.0196 0.7329 0.961 0.3926 0 -0.9197
2.9786 1 -19.0196 0.7393 0.969 0.3926 0 -0.9197
2.9786 1 -19.0196 0.7393 0.969 0.3926 0 -0.9197
1.5426 1 -19.4705 0.7282 0.9764 0.2015 0 -0.9795
1.5426 3.25 -19.4705 0.7234 0.9673 0.2015 0 -0.9795
2.9786 3.25 -19.0196 0.7329 0.961 0.3926 0 -0.9197
4.2751 3.25 -18.3069 0.7408 0.9531 0.5644 0 -0.8255
4.2751 1 -18.3069 0.7487 0.9598 0.5644 0 -0.8255
4.2751 1 -18.3069 0.7487 0.9598 0.5644 0 -0.8255
2.9786 1 -19.0196 0.7393 0.969 0.3926 0 -0.9197
2.9786 3.25 -19.0196 0.7329 0.961 0.3926 0 -0.9197
4.2751 3.25 -18.3069 0.7408 0.9531 0.5644 0 -0.8255
5.4014 3.25 -17.3645 0.7471 0.944 0.7123 0 -0.7018
5.4014 1 -17.3645 0.7559 0.9494 0.7123 0 -0.7018
5.4014 1 -17.3645 0.7559 0.9494 0.7123 0 -0.7018
4.2751 1 -18.3069 0.7487 0.9598 0.5644 0 -0.8255
4.2751 3.25 -18.3069 0.7408 0.9531 0.5644 0 -0.8255
5.4014 3.25 -17.3645 0.7471 0.944 0.7123 0 -0.7018
6.3276 3.25 -16.2236 0.7518 0.934 0.8334 0 -0.5526
6.3276 1 -16.2236 0.761 0.9384 0.8334 0 -0.5526
6.3276 1 -16.2236 0.761 0.9384 0.8334 0 -0.5526
5.4014 1 -17.3645 0.7559 0.9494 0.7123 0 -0.7018
5.4014 3.25 -17.3645 0.7471 0.944 0.7123 0 -0.7018
6.3276 3.25 -16.2236 0.7518 0.934 0.8334 0 -0.5526
7.0238 3.25 -14.9154 0.7547 0.9234 0.9245 0 -0.3812
7.0238 1 -14.9154 0.7637 0.9277 0.9245 0 -0.3812
7.0238 1 -14.9154 0.7637 0.9277 0.9245 0 -0.3812
6.3276 1 -16.2236 0.761 0.9384 0.8334 0 -0.5526
6.3276 3.25 -16.2236 0.7518 0.934 0.8334 0 -0.5526
7.0238 3.25 -14.9154 0.7547 0.9234 0.9245 0 -0.3812
7.3378 3.25 -13.875 0.7556 0.9122 0.9574 0 -0.2889
7.3378 1 -13.875 0.7643 0.919 0.9574 0 -0.2889
7.3378 1 -13.875 0.7643 0.919 0.9574 0 -0.2889
7.0238 1 -14.9154 0.7637 0.9277 0.9245 0 -0.3812
7.0238 3.25 -14.9154 0.7547 0.9234 0.9245 0 -0.3812
7.3378 3.25 -13.875 0.7556 0.9122 0 0 -1
13.875 3.25 -13.875 0.8017 0.8924 0 0 -1
13.875 1 -13.875 0.8065 0.9007 0 0 -1
13.875 1 -13.875 0.8065 0.9007 0 0 -1
7.3378 1 -13.875 0.7643 0.919 0 0 -1
7.3378 3.25 -13.875 0.7556 0.9122 0 0 -1
-1.5427 1 -19.4705 0.5087 0.9455 0 -1 0
-0 1 0 0.4737 0.949 0 -1 0
-2.9787 1 -19.0196 0.5078 0.943 0 -1 0
-1.5427 3.25 -19.4705 0.7009 0.9741 0 1 0
-0 3.25 0 0.6659 0.8206 0 1 0
0 3.25 -19.6276 0.7125 0.9718 0 1 0
-0 3.25 0 0.6659 0.8206 0 1 0
-0 3.25 19.6276 0.6193 0.6693 0 1 0
1.5426 3.25 19.4705 0.6309 0.6671 0 1 0
-1.5427 3.25 19.4705 0.6084 0.6739 0 1 0
-0 3.25 19.6276 0.6193 0.6693 0 1 0
-0 3.25 0 0.6659 0.8206 0 1 0
-2.9787 3.25 19.0196 0.5989 0.6802 0 1 0
-1.5427 3.25 19.4705 0.6084 0.6739 0 1 0
-0 3.25 0 0.6659 0.8206 0 1 0
-4.2751 3.25 18.307 0.591 0.6881 0 1 0
-2.9787 3.25 19.0196 0.5989 0.6802 0 1 0
-0 3.25 0 0.6659 0.8206 0 1 0
-5.4014 3.25 17.3645 0.5847 0.6972 0 1 0
-4.2751 3.25 18.307 0.591 0.6881 0 1 0
-0 3.25 0 0.6659 0.8206 0 1 0
-6.3277 3.25 16.2236 0.58 0.7072 0 1 0
-5.4014 3.25 17.3645 0.5847 0.6972 0 1 0
-0 3.25 0 0.6659 0.8206 0 1 0
-7.0239 3.25 14.9154 0.5771 0.7178 0 1 0
-6.3277 3.25 16.2236 0.58 0.7072 0 1 0
-0 3.25 0 0.6659 0.8206 0 1 0
-7.3378 3.25 13.875 0.5762 0.729 0 1 0
-7.0239 3.25 14.9154 0.5771 0.7178 0 1 0
-0 3.25 0 0.6659 0.8206 0 1 0
-13.875 3.25 13.875 0.5301 0.7488 0 1 0
-7.3378 3.25 13.875 0.5762 0.729 0 1 0
-0 3.25 0 0.6659 0.8206 0 1 0
-13.875 3.25 7.3378 0.5399 0.798 0 1 0
-13.875 3.25 13.875 0.5301 0.7488 0 1 0
-0 3.25 0 0.6659 0.8206 0 1 0
-14.9154 3.25 7.0239 0.5311 0.8051 0 1 0
-13.875 3.25 7.3378 0.5399 0.798 0 1 0
-0 3.25 0 0.6659 0.8206 0 1 0
-16.2236 3.25 6.3277 0.5242 0.8134 0 1 0
-14.9154 3.25 7.0239 0.5311 0.8051 0 1 0
-0 3.25 0 0.6659 0.8206 0 1 0
-17.3645 3.25 5.4014 0.5186 0.8228 0 1 0
-16.2236 3.25 6.3277 0.5242 0.8134 0 1 0
-0 3.25 0 0.6659 0.8206 0 1 0
-18.307 3.25 4.2752 0.5145 0.8332 0 1 0
-17.3645 3.25 5.4014 0.5186 0.8228 0 1 0
-0 3.25 0 0.6659 0.8206 0 1 0
-19.0196 3.25 2.9787 0.5124 0.8442 0 1 0
-18.307 3.25 4.2752 0.5145 0.8332 0 1 0
-0 3.25 0 0.6659 0.8206 0 1 0
-19.4705 3.25 1.5427 0.5124 0.8556 0 1 0
-19.0196 3.25 2.9787 0.5124 0.8442 0 1 0
-0 3.25 0 0.6659 0.8206 0 1 0
-19.6276 3.25 0 0.5146 0.8672 0 1 0
-19.4705 3.25 1.5427 0.5124 0.8556 0 1 0
-0 3.25 0 0.6659 0.8206 0 1 0
-19.4705 3.25 -1.5426 0.5192 0.8781 0 1 0
-19.6276 3.25 0 0.5146 0.8672 0 1 0
-0 3.25 0 0.6659 0.8206 0 1 0
-19.0196 3.25 -2.9786 0.5255 0.8875 0 1 0
-19.4705 3.25 -1.5426 0.5192 0.8781 0 1 0
-0 3.25 0 0.6659 0.8206 0 1 0
-18.3069 3.25 -4.2751 0.5334 0.8955 0 1 0
-19.0196 3.25 -2.9786 0.5255 0.8875 0 1 0
-0 3.25 0 0.6659 0.8206 0 1 0
-17.3645 3.25 -5.4013 0.5425 0.9018 0 1 0
-18.3069 3.25 -4.2751 0.5334 0.8955 0 1 0
-0 3.25 0 0.6659 0.8206 0 1 0
-16.2236 3.25 -6.3276 0.5525 0.9065 0 1 0
-17.3645 3.25 -5.4013 0.5425 0.9018 0 1 0
-0 3.25 0 0.6659 0.8206 0 1 0
-14.9154 3.25 -7.0238 0.5631 0.9094 0 1 0
-16.2236 3.25 -6.3276 0.5525 0.9065 0 1 0
-0 3.25 0 0.6659 0.8206 0 1 0
-13.875 3.25 -7.3377 0.5743 0.9103 0 1 0
-14.9154 3.25 -7.0238 0.5631 0.9094 0 1 0
-0 3.25 0 0.6659 0.8206 0 1 0
-13.875 3.25 -13.875 0.5941 0.9563 0 1 0
-13.875 3.25 -7.3377 0.5743 0.9103 0 1 0
-0 3.25 0 0.6659 0.8206 0 1 0
-7.3378 3.25 -13.875 0.6433 0.9466 0 1 0
-13.875 3.25 -13.875 0.5941 0.9563 0 1 0
-0 3.25 0 0.6659 0.8206 0 1 0
-7.0239 3.25 -14.9154 0.6504 0.9553 0 1 0
-7.3378 3.25 -13.875 0.6433 0.9466 0 1 0
-0 3.25 0 0.6659 0.8206 0 1 0
-6.3277 3.25 -16.2236 0.6587 0.9623 0 1 0
-7.0239 3.25 -14.9154 0.6504 0.9553 0 1 0
-0 3.25 0 0.6659 0.8206 0 1 0
-5.4014 3.25 -17.3645 0.6681 0.9679 0 1 0
-6.3277 3.25 -16.2236 0.6587 0.9623 0 1 0
-0 3.25 0 0.6659 0.8206 0 1 0
-4.2751 3.25 -18.307 0.6785 0.9719 0 1 0
-5.4014 3.25 -17.3645 0.6681 0.9679 0 1 0
-0 3.25 0 0.6659 0.8206 0 1 0
-2.9787 3.25 -19.0196 0.6895 0.9741 0 1 0
-4.2751 3.25 -18.307 0.6785 0.9719 0 1 0
-0 3.25 0 0.6659 0.8206 0 1 0
-1.5427 3.25 -19.4705 0.7009 0.9741 0 1 0
-2.9787 3.25 -19.0196 0.6895 0.9741 0 1 0
-0 3.25 0 0.6659 0.8206 0 1 0
0 3.25 -19.6276 0.7125 0.9718 0 1 0
-0 3.25 0 0.6659 0.8206 0 1 0
1.5426 3.25 -19.4705 0.7234 0.9673 0 1 0
1.5426 3.25 -19.4705 0.7234 0.9673 0 1 0
-0 3.25 0 0.6659 0.8206 0 1 0
2.9786 3.25 -19.0196 0.7329 0.961 0 1 0
2.9786 3.25 -19.0196 0.7329 0.961 0 1 0
-0 3.25 0 0.6659 0.8206 0 1 0
4.2751 3.25 -18.3069 0.7408 0.9531 0 1 0
4.2751 3.25 -18.3069 0.7408 0.9531 0 1 0
-0 3.25 0 0.6659 0.8206 0 1 0
5.4014 3.25 -17.3645 0.7471 0.944 0 1 0
5.4014 3.25 -17.3645 0.7471 0.944 0 1 0
-0 3.25 0 0.6659 0.8206 0 1 0
6.3276 3.25 -16.2236 0.7518 0.934 0 1 0
6.3276 3.25 -16.2236 0.7518 0.934 0 1 0
-0 3.25 0 0.6659 0.8206 0 1 0
7.0238 3.25 -14.9154 0.7547 0.9234 0 1 0
7.0238 3.25 -14.9154 0.7547 0.9234 0 1 0
-0 3.25 0 0.6659 0.8206 0 1 0
7.3378 3.25 -13.875 0.7556 0.9122 0 1 0
7.3378 3.25 -13.875 0.7556 0.9122 0 1 0
-0 3.25 0 0.6659 0.8206 0 1 0
13.875 3.25 -13.875 0.8017 0.8924 0 1 0
13.875 3.25 -13.875 0.8017 0.8924 0 1 0
-0 3.25 0 0.6659 0.8206 0 1 0
13.875 3.25 -7.3378 0.7919 0.8432 0 1 0
13.875 3.25 -7.3378 0.7919 0.8432 0 1 0
-0 3.25 0 0.6659 0.8206 0 1 0
14.9154 3.25 -7.0239 0.8007 0.8361 0 1 0
14.9154 3.25 -7.0239 0.8007 0.8361 0 1 0
-0 3.25 0 0.6659 0.8206 0 1 0
16.2236 3.25 -6.3276 0.8076 0.8278 0 1 0
16.2236 3.25 -6.3276 0.8076 0.8278 0 1 0
-0 3.25 0 0.6659 0.8206 0 1 0
17.3645 3.25 -5.4014 0.8132 0.8183 0 1 0
17.3645 3.25 -5.4014 0.8132 0.8183 0 1 0
-0 3.25 0 0.6659 0.8206 0 1 0
18.307 3.25 -4.2751 0.8172 0.808 0 1 0
18.307 3.25 -4.2751 0.8172 0.808 0 1 0
-0 3.25 0 0.6659 0.8206 0 1 0
19.0196 3.25 -2.9787 0.8194 0.797 0 1 0
19.0196 3.25 -2.9787 0.8194 0.797 0 1 0
-0 3.25 0 0.6659 0.8206 0 1 0
19.4705 3.25 -1.5427 0.8194 0.7856 0 1 0
19.4705 3.25 -1.5427 0.8194 0.7856 0 1 0
-0 3.25 0 0.6659 0.8206 0 1 0
19.6276 3.25 0 0.8171 0.774 0 1 0
19.6276 3.25 0 0.8171 0.774 0 1 0
-0 3.25 0 0.6659 0.8206 0 1 0
19.4705 3.25 1.5427 0.8126 0.7631 0 1 0
19.4705 3.25 1.5427 0.8126 0.7631 0 1 0
-0 3.25 0 0.6659 0.8206 0 1 0
19.0196 3.25 2.9786 0.8063 0.7536 0 1 0
19.0196 3.25 2.9786 0.8063 0.7536 0 1 0
-0 3.25 0 0.6659 0.8206 0 1 0
18.307 3.25 4.2751 0.7984 0.7457 0 1 0
18.307 3.25 4.2751 0.7984 0.7457 0 1 0
-0 3.25 0 0.6659 0.8206 0 1 0
17.3645 3.25 5.4014 0.7892 0.7393 0 1 0
17.3645 3.25 5.4014 0.7892 0.7393 0 1 0
-0 3.25 0 0.6659 0.8206 0 1 0
16.2236 3.25 6.3276 0.7793 0.7347 0 1 0
16.2236 3.25 6.3276 0.7793 0.7347 0 1 0
-0 3.25 0 0.6659 0.8206 0 1 0
14.9154 3.25 7.0238 0.7687 0.7318 0 1 0
14.9154 3.25 7.0238 0.7687 0.7318 0 1 0
-0 3.25 0 0.6659 0.8206 0 1 0
13.875 3.25 7.3378 0.7575 0.7309 0 1 0
13.875 3.25 7.3378 0.7575 0.7309 0 1 0
-0 3.25 0 0.6659 0.8206 0 1 0
13.875 3.25 13.875 0.7377 0.6848 0 1 0
13.875 3.25 13.875 0.7377 0.6848 0 1 0
-0 3.25 0 0.6659 0.8206 0 1 0
7.3378 3.25 13.875 0.6885 0.6946 0 1 0
7.3378 3.25 13.875 0.6885 0.6946 0 1 0
-0 3.25 0 0.6659 0.8206 0 1 0
7.0238 3.25 14.9154 0.6814 0.6858 0 1 0
7.0238 3.25 14.9154 0.6814 0.6858 0 1 0
-0 3.25 0 0.6659 0.8206 0 1 0
6.3276 3.25 16.2236 0.6731 0.6789 0 1 0
6.3276 3.25 16.2236 0.6731 0.6789 0 1 0
-0 3.25 0 0.6659 0.8206 0 1 0
5.4014 3.25 17.3645 0.6637 0.6733 0 1 0
5.4014 3.25 17.3645 0.6637 0.6733 0 1 0
-0 3.25 0 0.6659 0.8206 0 1 0
4.2751 3.25 18.307 0.6533 0.6692 0 1 0
4.2751 3.25 18.307 0.6533 0.6692 0 1 0
-0 3.25 0 0.6659 0.8206 0 1 0
2.9786 3.25 19.0196 0.6423 0.6671 0 1 0
2.9786 3.25 19.0196 0.6423 0.6671 0 1 0
-0 3.25 0 0.6659 0.8206 0 1 0
1.5426 3.25 19.4705 0.6309 0.6671 0 1 0
-0 1 0 0.4737 0.949 0 -1 0
2.9786 1 19.0196 0.4395 0.955 0 -1 0
1.5426 1 19.4705 0.4387 0.9526 0 -1 0
4.2751 1 18.307 0.4408 0.9572 0 -1 0
2.9786 1 19.0196 0.4395 0.955 0 -1 0
-0 1 0 0.4737 0.949 0 -1 0
5.4014 1 17.3645 0.4425 0.9591 0 -1 0
4.2751 1 18.307 0.4408 0.9572 0 -1 0
-0 1 0 0.4737 0.949 0 -1 0
6.3276 1 16.2236 0.4445 0.9607 0 -1 0
5.4014 1 17.3645 0.4425 0.9591 0 -1 0
-0 1 0 0.4737 0.949 0 -1 0
7.0238 1 14.9154 0.4468 0.9618 0 -1 0
6.3276 1 16.2236 0.4445 0.9607 0 -1 0
-0 1 0 0.4737 0.949 0 -1 0
7.3378 1 13.875 0.4493 0.9625 0 -1 0
7.0238 1 14.9154 0.4468 0.9618 0 -1 0
-0 1 0 0.4737 0.949 0 -1 0
13.875 1 13.875 0.4496 0.9744 0 -1 0
7.3378 1 13.875 0.4493 0.9625 0 -1 0
-0 1 0 0.4737 0.949 0 -1 0
13.875 1 7.3378 0.4614 0.9741 0 -1 0
13.875 1 13.875 0.4496 0.9744 0 -1 0
-0 1 0 0.4737 0.949 0 -1 0
14.9154 1 7.0238 0.4622 0.9765 0 -1 0
13.875 1 7.3378 0.4614 0.9741 0 -1 0
-0 1 0 0.4737 0.949 0 -1 0
16.2236 1 6.3276 0.4635 0.9788 0 -1 0
14.9154 1 7.0238 0.4622 0.9765 0 -1 0
-0 1 0 0.4737 0.949 0 -1 0
17.3645 1 5.4014 0.4652 0.9807 0 -1 0
16.2236 1 6.3276 0.4635 0.9788 0 -1 0
-0 1 0 0.4737 0.949 0 -1 0
18.3069 1 4.2751 0.4671 0.9823 0 -1 0
17.3645 1 5.4014 0.4652 0.9807 0 -1 0
-0 1 0 0.4737 0.949 0 -1 0
19.0196 1 2.9786 0.4694 0.9835 0 -1 0
18.3069 1 4.2751 0.4671 0.9823 0 -1 0
-0 1 0 0.4737 0.949 0 -1 0
19.4705 1 1.5426 0.4719 0.9842 0 -1 0
19.0196 1 2.9786 0.4694 0.9835 0 -1 0
-0 1 0 0.4737 0.949 0 -1 0
19.6276 1 0 0.4746 0.9844 0 -1 0
19.4705 1 1.5426 0.4719 0.9842 0 -1 0
-0 1 0 0.4737 0.949 0 -1 0
19.4705 1 -1.5427 0.4772 0.984 0 -1 0
19.6276 1 0 0.4746 0.9844 0 -1 0
-0 1 0 0.4737 0.949 0 -1 0
19.0196 1 -2.9787 0.4797 0.9832 0 -1 0
19.4705 1 -1.5427 0.4772 0.984 0 -1 0
-0 1 0 0.4737 0.949 0 -1 0
18.307 1 -4.2751 0.4819 0.9819 0 -1 0
19.0196 1 -2.9787 0.4797 0.9832 0 -1 0
-0 1 0 0.4737 0.949 0 -1 0
17.3645 1 -5.4014 0.4838 0.9802 0 -1 0
18.307 1 -4.2751 0.4819 0.9819 0 -1 0
-0 1 0 0.4737 0.949 0 -1 0
16.2236 1 -6.3276 0.4853 0.9782 0 -1 0
17.3645 1 -5.4014 0.4838 0.9802 0 -1 0
-0 1 0 0.4737 0.949 0 -1 0
14.9154 1 -7.0239 0.4865 0.9759 0 -1 0
16.2236 1 -6.3276 0.4853 0.9782 0 -1 0
-0 1 0 0.4737 0.949 0 -1 0
13.875 1 -7.3378 0.4872 0.9734 0 -1 0
14.9154 1 -7.0239 0.4865 0.9759 0 -1 0
-0 1 0 0.4737 0.949 0 -1 0
13.875 1 -13.875 0.499 0.9731 0 -1 0
13.875 1 -7.3378 0.4872 0.9734 0 -1 0
-0 1 0 0.4737 0.949 0 -1 0
7.3378 1 -13.875 0.4987 0.9613 0 -1 0
13.875 1 -13.875 0.499 0.9731 0 -1 0
-0 1 0 0.4737 0.949 0 -1 0
7.0238 1 -14.9154 0.5012 0.9605 0 -1 0
7.3378 1 -13.875 0.4987 0.9613 0 -1 0
-0 1 0 0.4737 0.949 0 -1 0
6.3276 1 -16.2236 0.5034 0.9592 0 -1 0
7.0238 1 -14.9154 0.5012 0.9605 0 -1 0
-0 1 0 0.4737 0.949 0 -1 0
5.4014 1 -17.3645 0.5053 0.9576 0 -1 0
6.3276 1 -16.2236 0.5034 0.9592 0 -1 0
-0 1 0 0.4737 0.949 0 -1 0
4.2751 1 -18.3069 0.5069 0.9556 0 -1 0
5.4014 1 -17.3645 0.5053 0.9576 0 -1 0
-0 1 0 0.4737 0.949 0 -1 0
2.9786 1 -19.0196 0.5081 0.9533 0 -1 0
4.2751 1 -18.3069 0.5069 0.9556 0 -1 0
-0 1 0 0.4737 0.949 0 -1 0
1.5426 1 -19.4705 0.5088 0.9508 0 -1 0
2.9786 1 -19.0196 0.5081 0.9533 0 -1 0
-0 1 0 0.4737 0.949 0 -1 0
-0 1 -19.6276 0.509 0.9482 0 -1 0
1.5426 1 -19.4705 0.5088 0.9508 0 -1 0
-0 1 0 0.4737 0.949 0 -1 0
-1.5427 1 -19.4705 0.5087 0.9455 0 -1 0
-0 1 -19.6276 0.509 0.9482 0 -1 0
-0 1 0 0.4737 0.949 0 -1 0
-2.9787 1 -19.0196 0.5078 0.943 0 -1 0
-0 1 0 0.4737 0.949 0 -1 0
-4.2751 1 -18.307 0.5066 0.9408 0 -1 0
-4.2751 1 -18.307 0.5066 0.9408 0 -1 0
-0 1 0 0.4737 0.949 0 -1 0
-5.4014 1 -17.3645 0.5049 0.9389 0 -1 0
-5.4014 1 -17.3645 0.5049 0.9389 0 -1 0
-0 1 0 0.4737 0.949 0 -1 0
-6.3277 1 -16.2236 0.5029 0.9374 0 -1 0
-6.3277 1 -16.2236 0.5029 0.9374 0 -1 0
-0 1 0 0.4737 0.949 0 -1 0
-7.0239 1 -14.9154 0.5006 0.9362 0 -1 0
-7.0239 1 -14.9154 0.5006 0.9362 0 -1 0
-0 1 0 0.4737 0.949 0 -1 0
-7.3378 1 -13.875 0.4981 0.9356 0 -1 0
-7.3378 1 -13.875 0.4981 0.9356 0 -1 0
-0 1 0 0.4737 0.949 0 -1 0
-13.875 1 -13.875 0.4978 0.9237 0 -1 0
-13.875 1 -13.875 0.4978 0.9237 0 -1 0
-0 1 0 0.4737 0.949 0 -1 0
-13.875 1 -7.3377 0.4859 0.924 0 -1 0
-13.875 1 -7.3377 0.4859 0.924 0 -1 0
-0 1 0 0.4737 0.949 0 -1 0
-14.9154 1 -7.0238 0.4851 0.9215 0 -1 0
-14.9154 1 -7.0238 0.4851 0.9215 0 -1 0
-0 1 0 0.4737 0.949 0 -1 0
-16.2236 1 -6.3276 0.4839 0.9193 0 -1 0
-16.2236 1 -6.3276 0.4839 0.9193 0 -1 0
-0 1 0 0.4737 0.949 0 -1 0
-17.3645 1 -5.4014 0.4822 0.9174 0 -1 0
-17.3645 1 -5.4014 0.4822 0.9174 0 -1 0
-0 1 0 0.4737 0.949 0 -1 0
-18.3069 1 -4.2751 0.4802 0.9158 0 -1 0
-18.3069 1 -4.2751 0.4802 0.9158 0 -1 0
-0 1 0 0.4737 0.949 0 -1 0
-19.0196 1 -2.9786 0.478 0.9146 0 -1 0
-19.0196 1 -2.9786 0.478 0.9146 0 -1 0
-0 1 0 0.4737 0.949 0 -1 0
-19.4705 1 -1.5426 0.4755 0.9139 0 -1 0
-19.4705 1 -1.5426 0.4755 0.9139 0 -1 0
-0 1 0 0.4737 0.949 0 -1 0
-19.6276 1 0 0.4728 0.9137 0 -1 0
-19.6276 1 0 0.4728 0.9137 0 -1 0
-0 1 0 0.4737 0.949 0 -1 0
-19.4705 1 1.5427 0.4701 0.914 0 -1 0
-19.4705 1 1.5427 0.4701 0.914 0 -1 0
-0 1 0 0.4737 0.949 0 -1 0
-19.0196 1 2.9787 0.4677 0.9149 0 -1 0
-19.0196 1 2.9787 0.4677 0.9149 0 -1 0
-0 1 0 0.4737 0.949 0 -1 0
-18.307 1 4.2752 0.4655 0.9162 0 -1 0
-18.307 1 4.2752 0.4655 0.9162 0 -1 0
-0 1 0 0.4737 0.949 0 -1 0
-17.3645 1 5.4014 0.4636 0.9178 0 -1 0
-17.3645 1 5.4014 0.4636 0.9178 0 -1 0
-0 1 0 0.4737 0.949 0 -1 0
-16.2236 1 6.3277 0.462 0.9199 0 -1 0
-16.2236 1 6.3277 0.462 0.9199 0 -1 0
-0 1 0 0.4737 0.949 0 -1 0
-14.9154 1 7.0239 0.4609 0.9221 0 -1 0
-14.9154 1 7.0239 0.4609 0.9221 0 -1 0
-0 1 0 0.4737 0.949 0 -1 0
-13.875 1 7.3378 0.4602 0.9247 0 -1 0
-13.875 1 7.3378 0.4602 0.9247 0 -1 0
-0 1 0 0.4737 0.949 0 -1 0
-13.875 1 13.875 0.4484 0.925 0 -1 0
-13.875 1 13.875 0.4484 0.925 0 -1 0
-0 1 0 0.4737 0.949 0 -1 0
-7.3378 1 13.875 0.4487 0.9368 0 -1 0
-7.3378 1 13.875 0.4487 0.9368 0 -1 0
-0 1 0 0.4737 0.949 0 -1 0
-7.0239 1 14.9154 0.4462 0.9376 0 -1 0
-7.0239 1 14.9154 0.4462 0.9376 0 -1 0
-0 1 0 0.4737 0.949 0 -1 0
-6.3277 1 16.2236 0.444 0.9389 0 -1 0
-6.3277 1 16.2236 0.444 0.9389 0 -1 0
-0 1 0 0.4737 0.949 0 -1 0
-5.4014 1 17.3645 0.442 0.9405 0 -1 0
-5.4014 1 17.3645 0.442 0.9405 0 -1 0
-0 1 0 0.4737 0.949 0 -1 0
-4.2751 1 18.307 0.4404 0.9425 0 -1 0
-4.2751 1 18.307 0.4404 0.9425 0 -1 0
-0 1 0 0.4737 0.949 0 -1 0
-2.9786 1 19.0196 0.4393 0.9448 0 -1 0
-2.9786 1 19.0196 0.4393 0.9448 0 -1 0
-0 1 0 0.4737 0.949 0 -1 0
-1.5427 1 19.4705 0.4386 0.9473 0 -1 0
-1.5427 1 19.4705 0.4386 0.9473 0 -1 0
-0 1 0 0.4737 0.949 0 -1 0
0 1 19.6276 0.4384 0.9499 0 -1 0
0 1 19.6276 0.4384 0.9499 0 -1 0
-0 1 0 0.4737 0.949 0 -1 0
1.5426 1 19.4705 0.4387 0.9526 0 -1 0
13.375 1.5 -6.9664 0.8023 0.846 -1 0 0
13.375 2.75 -6.9664 0.7919 0.8432 -1 0 0
13.375 2.75 -13.375 0.8017 0.8924 -1 0 0
13.375 2.75 -13.375 0.8017 0.8924 -1 0 0
13.375 1.5 -13.375 0.8118 0.8919 -1 0 0
13.375 1.5 -6.9664 0.8023 0.846 -1 0 0
14.7239 1.5 -6.5594 0.8085 0.841 -0.3811 0 0.9245
14.7239 2.75 -6.5594 0.8007 0.8361 -0.3811 0 0.9245
13.375 2.75 -6.9664 0.7919 0.8432 -0.2889 0 0.9574
13.375 2.75 -6.9664 0.7919 0.8432 -0.2889 0 0.9574
13.375 1.5 -6.9664 0.8023 0.846 -0.2889 0 0.9574
14.7239 1.5 -6.5594 0.8085 0.841 -0.3811 0 0.9245
15.946 1.5 -5.909 0.8161 0.833 -0.5526 0 0.8334
15.946 2.75 -5.909 0.8076 0.8278 -0.5526 0 0.8334
14.7239 2.75 -6.5594 0.8007 0.8361 -0.3811 0 0.9245
14.7239 2.75 -6.5594 0.8007 0.8361 -0.3811 0 0.9245
14.7239 1.5 -6.5594 0.8085 0.841 -0.3811 0 0.9245
15.946 1.5 -5.909 0.8161 0.833 -0.5526 0 0.8334
17.012 1.5 -5.0436 0.8225 0.8227 -0.7018 0 0.7123
17.012 2.75 -5.0436 0.8132 0.8183 -0.7018 0 0.7123
15.946 2.75 -5.909 0.8076 0.8278 -0.5526 0 0.8334
15.946 2.75 -5.909 0.8076 0.8278 -0.5526 0 0.8334
15.946 1.5 -5.909 0.8161 0.833 -0.5526 0 0.8334
17.012 1.5 -5.0436 0.8225 0.8227 -0.7018 0 0.7123
17.8923 1.5 -3.9916 0.8271 0.8109 -0.8255 0 0.5644
17.8923 2.75 -3.9916 0.8172 0.808 -0.8255 0 0.5644
17.012 2.75 -5.0436 0.8132 0.8183 -0.7018 0 0.7123
17.012 2.75 -5.0436 0.8132 0.8183 -0.7018 0 0.7123
17.012 1.5 -5.0436 0.8225 0.8227 -0.7018 0 0.7123
17.8923 1.5 -3.9916 0.8271 0.8109 -0.8255 0 0.5644
18.5575 1.5 -2.7814 0.8296 0.7981 -0.9197 0 0.3926
18.5575 2.75 -2.7814 0.8194 0.797 -0.9197 0 0.3926
17.8923 2.75 -3.9916 0.8172 0.808 -0.8255 0 0.5644
17.8923 2.75 -3.9916 0.8172 0.808 -0.8255 0 0.5644
17.8923 1.5 -3.9916 0.8271 0.8109 -0.8255 0 0.5644
18.5575 1.5 -2.7814 0.8296 0.7981 -0.9197 0 0.3926
18.9782 1.5 -1.4414 0.8297 0.7847 -0.9795 0 0.2015
18.9782 2.75 -1.4414 0.8194 0.7856 -0.9795 0 0.2015
18.5575 2.75 -2.7814 0.8194 0.797 -0.9197 0 0.3926
18.5575 2.75 -2.7814 0.8194 0.797 -0.9197 0 0.3926
18.5575 1.5 -2.7814 0.8296 0.7981 -0.9197 0 0.3926
18.9782 1.5 -1.4414 0.8297 0.7847 -0.9795 0 0.2015
19.125 1.5 0 0.827 0.7711 -1 0 0
19.125 2.75 0 0.8171 0.774 -1 0 0
18.9782 2.75 -1.4414 0.8194 0.7856 -0.9795 0 0.2015
18.9782 2.75 -1.4414 0.8194 0.7856 -0.9795 0 0.2015
18.9782 1.5 -1.4414 0.8297 0.7847 -0.9795 0 0.2015
19.125 1.5 0 0.827 0.7711 -1 0 0
18.9782 1.5 1.4414 0.8217 0.7583 -0.9795 0 -0.2015
18.9782 2.75 1.4414 0.8126 0.7631 -0.9795 0 -0.2015
19.125 2.75 0 0.8171 0.774 -1 0 0
19.125 2.75 0 0.8171 0.774 -1 0 0
19.125 1.5 0 0.827 0.7711 -1 0 0
18.9782 1.5 1.4414 0.8217 0.7583 -0.9795 0 -0.2015
18.5575 1.5 2.7814 0.8143 0.7471 -0.9197 0 -0.3926
18.5575 2.75 2.7814 0.8063 0.7536 -0.9197 0 -0.3926
18.9782 2.75 1.4414 0.8126 0.7631 -0.9795 0 -0.2015
18.9782 2.75 1.4414 0.8126 0.7631 -0.9795 0 -0.2015
18.9782 1.5 1.4414 0.8217 0.7583 -0.9795 0 -0.2015
18.5575 1.5 2.7814 0.8143 0.7471 -0.9197 0 -0.3926
17.8922 1.5 3.9916 0.8051 0.7378 -0.8255 0 -0.5644
17.8922 2.75 3.9916 0.7984 0.7457 -0.8255 0 -0.5644
18.5575 2.75 2.7814 0.8063 0.7536 -0.9197 0 -0.3926
18.5575 2.75 2.7814 0.8063 0.7536 -0.9197 0 -0.3926
18.5575 1.5 2.7814 0.8143 0.7471 -0.9197 0 -0.3926
17.8922 1.5 3.9916 0.8051 0.7378 -0.8255 0 -0.5644
17.0119 1.5 5.0436 0.7946 0.7306 -0.7018 0 -0.7123
17.0119 2.75 5.0436 0.7892 0.7393 -0.7018 0 -0.7123
17.8922 2.75 3.9916 0.7984 0.7457 -0.8255 0 -0.5644
17.8922 2.75 3.9916 0.7984 0.7457 -0.8255 0 -0.5644
17.8922 1.5 3.9916 0.8051 0.7378 -0.8255 0 -0.5644
17.0119 1.5 5.0436 0.7946 0.7306 -0.7018 0 -0.7123
15.946 1.5 5.9089 0.7836 0.7255 -0.5526 0 -0.8334
15.946 2.75 5.9089 0.7793 0.7347 -0.5526 0 -0.8334
17.0119 2.75 5.0436 0.7892 0.7393 -0.7018 0 -0.7123
17.0119 2.75 5.0436 0.7892 0.7393 -0.7018 0 -0.7123
17.0119 1.5 5.0436 0.7946 0.7306 -0.7018 0 -0.7123
15.946 1.5 5.9089 0.7836 0.7255 -0.5526 0 -0.8334
14.7239 1.5 6.5593 0.773 0.7228 -0.3812 0 -0.9245
14.7239 2.75 6.5593 0.7687 0.7318 -0.3812 0 -0.9245
15.946 2.75 5.9089 0.7793 0.7347 -0.5526 0 -0.8334
15.946 2.75 5.9089 0.7793 0.7347 -0.5526 0 -0.8334
15.946 1.5 5.9089 0.7836 0.7255 -0.5526 0 -0.8334
14.7239 1.5 6.5593 0.773 0.7228 -0.3812 0 -0.9245
13.375 1.5 6.9664 0.7642 0.7222 -0.2889 0 -0.9574
13.375 2.75 6.9664 0.7575 0.7309 -0.2889 0 -0.9574
14.7239 2.75 6.5593 0.7687 0.7318 -0.3812 0 -0.9245
14.7239 2.75 6.5593 0.7687 0.7318 -0.3812 0 -0.9245
14.7239 1.5 6.5593 0.773 0.7228 -0.3812 0 -0.9245
13.375 1.5 6.9664 0.7642 0.7222 -0.2889 0 -0.9574
13.375 1.5 13.375 0.746 0.68 -1 0 0
13.375 2.75 13.375 0.7377 0.6848 -1 0 0
13.375 2.75 6.9664 0.7575 0.7309 -1 0 0
13.375 2.75 6.9664 0.7575 0.7309 -1 0 0
13.375 1.5 6.9664 0.7642 0.7222 -1 0 0
13.375 1.5 13.375 0.746 0.68 -1 0 0
6.9664 1.5 13.375 0.6913 0.6842 0 0 -1
6.9664 2.75 13.375 0.6885 0.6946 0 0 -1
13.375 2.75 13.375 0.7377 0.6848 0 0 -1
13.375 2.75 13.375 0.7377 0.6848 0 0 -1
13.375 1.5 13.375 0.7372 0.6747 0 0 -1
6.9664 1.5 13.375 0.6913 0.6842 0 0 -1
6.5594 1.5 14.7239 0.6863 0.678 -0.9245 0 -0.3812
6.5594 2.75 14.7239 0.6814 0.6858 -0.9245 0 -0.3812
6.9664 2.75 13.375 0.6885 0.6946 -0.9574 0 -0.2889
6.9664 2.75 13.375 0.6885 0.6946 -0.9574 0 -0.2889
6.9664 1.5 13.375 0.6913 0.6842 -0.9574 0 -0.2889
6.5594 1.5 14.7239 0.6863 0.678 -0.9245 0 -0.3812
5.909 1.5 15.946 0.6783 0.6704 -0.8334 0 -0.5526
5.909 2.75 15.946 0.6731 0.6789 -0.8334 0 -0.5526
6.5594 2.75 14.7239 0.6814 0.6858 -0.9245 0 -0.3812
6.5594 2.75 14.7239 0.6814 0.6858 -0.9245 0 -0.3812
6.5594 1.5 14.7239 0.6863 0.678 -0.9245 0 -0.3812
5.909 1.5 15.946 0.6783 0.6704 -0.8334 0 -0.5526
5.0436 1.5 17.012 0.668 0.664 -0.7123 0 -0.7018
5.0436 2.75 17.012 0.6637 0.6733 -0.7123 0 -0.7018
5.909 2.75 15.946 0.6731 0.6789 -0.8334 0 -0.5526
5.909 2.75 15.946 0.6731 0.6789 -0.8334 0 -0.5526
5.909 1.5 15.946 0.6783 0.6704 -0.8334 0 -0.5526
5.0436 1.5 17.012 0.668 0.664 -0.7123 0 -0.7018
3.9916 1.5 17.8923 0.6562 0.6594 -0.5644 0 -0.8255
3.9916 2.75 17.8923 0.6533 0.6692 -0.5644 0 -0.8255
5.0436 2.75 17.012 0.6637 0.6733 -0.7123 0 -0.7018
5.0436 2.75 17.012 0.6637 0.6733 -0.7123 0 -0.7018
5.0436 1.5 17.012 0.668 0.664 -0.7123 0 -0.7018
3.9916 1.5 17.8923 0.6562 0.6594 -0.5644 0 -0.8255
2.7814 1.5 18.5575 0.6434 0.6569 -0.3926 0 -0.9197
2.7814 2.75 18.5575 0.6423 0.6671 -0.3926 0 -0.9197
3.9916 2.75 17.8923 0.6533 0.6692 -0.5644 0 -0.8255
3.9916 2.75 17.8923 0.6533 0.6692 -0.5644 0 -0.8255
3.9916 1.5 17.8923 0.6562 0.6594 -0.5644 0 -0.8255
2.7814 1.5 18.5575 0.6434 0.6569 -0.3926 0 -0.9197
1.4414 1.5 18.9782 0.63 0.6568 -0.2015 0 -0.9795
1.4414 2.75 18.9782 0.6309 0.6671 -0.2015 0 -0.9795
2.7814 2.75 18.5575 0.6423 0.6671 -0.3926 0 -0.9197
2.7814 2.75 18.5575 0.6423 0.6671 -0.3926 0 -0.9197
2.7814 1.5 18.5575 0.6434 0.6569 -0.3926 0 -0.9197
1.4414 1.5 18.9782 0.63 0.6568 -0.2015 0 -0.9795
0 1.5 19.125 0.6164 0.6595 0 0 -1
0 2.75 19.125 0.6193 0.6693 0 0 -1
1.4414 2.75 18.9782 0.6309 0.6671 -0.2015 0 -0.9795
1.4414 2.75 18.9782 0.6309 0.6671 -0.2015 0 -0.9795
1.4414 1.5 18.9782 0.63 0.6568 -0.2015 0 -0.9795
0 1.5 19.125 0.6164 0.6595 0 0 -1
-1.4414 1.5 18.9782 0.6036 0.6648 0.2015 0 -0.9795
-1.4414 2.75 18.9782 0.6084 0.6739 0.2015 0 -0.9795
0 2.75 19.125 0.6193 0.6693 0 0 -1
0 2.75 19.125 0.6193 0.6693 0 0 -1
0 1.5 19.125 0.6164 0.6595 0 0 -1
-1.4414 1.5 18.9782 0.6036 0.6648 0.2015 0 -0.9795
-2.7814 1.5 18.5575 0.5925 0.6722 0.3926 0 -0.9197
-2.7814 2.75 18.5575 0.5989 0.6802 0.3926 0 -0.9197
-1.4414 2.75 18.9782 0.6084 0.6739 0.2015 0 -0.9795
-1.4414 2.75 18.9782 0.6084 0.6739 0.2015 0 -0.9795
-1.4414 1.5 18.9782 0.6036 0.6648 0.2015 0 -0.9795
-2.7814 1.5 18.5575 0.5925 0.6722 0.3926 0 -0.9197
-3.9916 1.5 17.8923 0.5831 0.6814 0.5644 0 -0.8255
-3.9916 2.75 17.8923 0.591 0.6881 0.5644 0 -0.8255
-2.7814 2.75 18.5575 0.5989 0.6802 0.3926 0 -0.9197
-2.7814 2.75 18.5575 0.5989 0.6802 0.3926 0 -0.9197
-2.7814 1.5 18.5575 0.5925 0.6722 0.3926 0 -0.9197
-3.9916 1.5 17.8923 0.5831 0.6814 0.5644 0 -0.8255
-5.0436 1.5 17.012 0.5759 0.6918 0.7123 0 -0.7018
-5.0436 2.75 17.012 0.5847 0.6972 0.7123 0 -0.7018
-3.9916 2.75 17.8923 0.591 0.6881 0.5644 0 -0.8255
-3.9916 2.75 17.8923 0.591 0.6881 0.5644 0 -0.8255
-3.9916 1.5 17.8923 0.5831 0.6814 0.5644 0 -0.8255
-5.0436 1.5 17.012 0.5759 0.6918 0.7123 0 -0.7018
-5.909 1.5 15.9461 0.5708 0.7028 0.8334 0 -0.5526
-5.909 2.75 15.9461 0.58 0.7072 0.8334 0 -0.5526
-5.0436 2.75 17.012 0.5847 0.6972 0.7123 0 -0.7018
-5.0436 2.75 17.012 0.5847 0.6972 0.7123 0 -0.7018
-5.0436 1.5 17.012 0.5759 0.6918 0.7123 0 -0.7018
-5.909 1.5 15.9461 0.5708 0.7028 0.8334 0 -0.5526
-6.5594 1.5 14.7239 0.5681 0.7135 0.9245 0 -0.3812
-6.5594 2.75 14.7239 0.5771 0.7178 0.9245 0 -0.3812
-5.909 2.75 15.9461 0.58 0.7072 0.8334 0 -0.5526
-5.909 2.75 15.9461 0.58 0.7072 0.8334 0 -0.5526
-5.909 1.5 15.9461 0.5708 0.7028 0.8334 0 -0.5526
-6.5594 1.5 14.7239 0.5681 0.7135 0.9245 0 -0.3812
-6.9664 1.5 13.375 0.5675 0.7222 0.9574 0 -0.2889
-6.9664 2.75 13.375 0.5762 0.729 0.9574 0 -0.2889
-6.5594 2.75 14.7239 0.5771 0.7178 0.9245 0 -0.3812
-6.5594 2.75 14.7239 0.5771 0.7178 0.9245 0 -0.3812
-6.5594 1.5 14.7239 0.5681 0.7135 0.9245 0 -0.3812
-6.9664 1.5 13.375 0.5675 0.7222 0.9574 0 -0.2889
-13.375 1.5 13.375 0.5253 0.7405 0 0 -1
-13.375 2.75 13.375 0.5301 0.7488 0 0 -1
-6.9664 2.75 13.375 0.5762 0.729 0 0 -1
-6.9664 2.75 13.375 0.5762 0.729 0 0 -1
-6.9664 1.5 13.375 0.5675 0.7222 0 0 -1
-13.375 1.5 13.375 0.5253 0.7405 0 0 -1
-13.375 1.5 6.9664 0.5295 0.7952 1 0 0
-13.375 2.75 6.9664 0.5399 0.798 1 0 0
-13.375 2.75 13.375 0.5301 0.7488 1 0 0
-13.375 2.75 13.375 0.5301 0.7488 1 0 0
-13.375 1.5 13.375 0.52 0.7492 1 0 0
-13.375 1.5 6.9664 0.5295 0.7952 1 0 0
-14.7239 1.5 6.5594 0.5233 0.8002 0.3811 0 -0.9245
-14.7239 2.75 6.5594 0.5311 0.8051 0.3811 0 -0.9245
-13.375 2.75 6.9664 0.5399 0.798 0.2889 0 -0.9574
-13.375 2.75 6.9664 0.5399 0.798 0.2889 0 -0.9574
-13.375 1.5 6.9664 0.5295 0.7952 0.2889 0 -0.9574
-14.7239 1.5 6.5594 0.5233 0.8002 0.3811 0 -0.9245
-15.946 1.5 5.909 0.5157 0.8082 0.5526 0 -0.8334
-15.946 2.75 5.909 0.5242 0.8134 0.5526 0 -0.8334
-14.7239 2.75 6.5594 0.5311 0.8051 0.3811 0 -0.9245
-14.7239 2.75 6.5594 0.5311 0.8051 0.3811 0 -0.9245
-14.7239 1.5 6.5594 0.5233 0.8002 0.3811 0 -0.9245
-15.946 1.5 5.909 0.5157 0.8082 0.5526 0 -0.8334
-17.012 1.5 5.0436 0.5093 0.8185 0.7018 0 -0.7123
-17.012 2.75 5.0436 0.5186 0.8228 0.7018 0 -0.7123
-15.946 2.75 5.909 0.5242 0.8134 0.5526 0 -0.8334
-15.946 2.75 5.909 0.5242 0.8134 0.5526 0 -0.8334
-15.946 1.5 5.909 0.5157 0.8082 0.5526 0 -0.8334
-17.012 1.5 5.0436 0.5093 0.8185 0.7018 0 -0.7123
-17.8923 1.5 3.9916 0.5046 0.8303 0.8255 0 -0.5644
-17.8923 2.75 3.9916 0.5145 0.8332 0.8255 0 -0.5644
-17.012 2.75 5.0436 0.5186 0.8228 0.7018 0 -0.7123
-17.012 2.75 5.0436 0.5186 0.8228 0.7018 0 -0.7123
-17.012 1.5 5.0436 0.5093 0.8185 0.7018 0 -0.7123
-17.8923 1.5 3.9916 0.5046 0.8303 0.8255 0 -0.5644
-18.5575 1.5 2.7814 0.5022 0.8431 0.9197 0 -0.3926
-18.5575 2.75 2.7814 0.5124 0.8442 0.9197 0 -0.3926
-17.8923 2.75 3.9916 0.5145 0.8332 0.8255 0 -0.5644
-17.8923 2.75 3.9916 0.5145 0.8332 0.8255 0 -0.5644
-17.8923 1.5 3.9916 0.5046 0.8303 0.8255 0 -0.5644
-18.5575 1.5 2.7814 0.5022 0.8431 0.9197 0 -0.3926
-18.9782 1.5 1.4414 0.5021 0.8565 0.9795 0 -0.2015
-18.9782 2.75 1.4414 0.5124 0.8556 0.9795 0 -0.2015
-18.5575 2.75 2.7814 0.5124 0.8442 0.9197 0 -0.3926
-18.5575 2.75 2.7814 0.5124 0.8442 0.9197 0 -0.3926
-18.5575 1.5 2.7814 0.5022 0.8431 0.9197 0 -0.3926
-18.9782 1.5 1.4414 0.5021 0.8565 0.9795 0 -0.2015
-19.125 1.5 0 0.5048 0.8701 1 0 0
-19.125 2.75 0 0.5146 0.8672 1 0 0
-18.9782 2.75 1.4414 0.5124 0.8556 0.9795 0 -0.2015
-18.9782 2.75 1.4414 0.5124 0.8556 0.9795 0 -0.2015
-18.9782 1.5 1.4414 0.5021 0.8565 0.9795 0 -0.2015
-19.125 1.5 0 0.5048 0.8701 1 0 0
-18.9782 1.5 -1.4414 0.5101 0.8829 0.9795 0 0.2015
-18.9782 2.75 -1.4414 0.5192 0.8781 0.9795 0 0.2015
-19.125 2.75 0 0.5146 0.8672 1 0 0
-19.125 2.75 0 0.5146 0.8672 1 0 0
-19.125 1.5 0 0.5048 0.8701 1 0 0
-18.9782 1.5 -1.4414 0.5101 0.8829 0.9795 0 0.2015
-18.5575 1.5 -2.7813 0.5175 0.894 0.9197 0 0.3926
-18.5575 2.75 -2.7813 0.5255 0.8875 0.9197 0 0.3926
-18.9782 2.75 -1.4414 0.5192 0.8781 0.9795 0 0.2015
-18.9782 2.75 -1.4414 0.5192 0.8781 0.9795 0 0.2015
-18.9782 1.5 -1.4414 0.5101 0.8829 0.9795 0 0.2015
-18.5575 1.5 -2.7813 0.5175 0.894 0.9197 0 0.3926
-17.8922 1.5 -3.9915 0.5267 0.9034 0.8255 0 0.5644
-17.8922 2.75 -3.9915 0.5334 0.8955 0.8255 0 0.5644
-18.5575 2.75 -2.7813 0.5255 0.8875 0.9197 0 0.3926
-18.5575 2.75 -2.7813 0.5255 0.8875 0.9197 0 0.3926
-18.5575 1.5 -2.7813 0.5175 0.894 0.9197 0 0.3926
-17.8922 1.5 -3.9915 0.5267 0.9034 0.8255 0 0.5644
-17.0119 1.5 -5.0435 0.5371 0.9106 0.7018 0 0.7123
-17.0119 2.75 -5.0435 0.5425 0.9018 0.7018 0 0.7123
-17.8922 2.75 -3.9915 0.5334 0.8955 0.8255 0 0.5644
-17.8922 2.75 -3.9915 0.5334 0.8955 0.8255 0 0.5644
-17.8922 1.5 -3.9915 0.5267 0.9034 0.8255 0 0.5644
-17.0119 1.5 -5.0435 0.5371 0.9106 0.7018 0 0.7123
-15.946 1.5 -5.9089 0.5481 0.9157 0.5526 0 0.8334
-15.946 2.75 -5.9089 0.5525 0.9065 0.5526 0 0.8334
-17.0119 2.75 -5.0435 0.5425 0.9018 0.7018 0 0.7123
-17.0119 2.75 -5.0435 0.5425 0.9018 0.7018 0 0.7123
-17.0119 1.5 -5.0435 0.5371 0.9106 0.7018 0 0.7123
-15.946 1.5 -5.9089 0.5481 0.9157 0.5526 0 0.8334
-14.7239 1.5 -6.5593 0.5588 0.9184 0.3812 0 0.9245
-14.7239 2.75 -6.5593 0.5631 0.9094 0.3812 0 0.9245
-15.946 2.75 -5.9089 0.5525 0.9065 0.5526 0 0.8334
-15.946 2.75 -5.9089 0.5525 0.9065 0.5526 0 0.8334
-15.946 1.5 -5.9089 0.5481 0.9157 0.5526 0 0.8334
-14.7239 1.5 -6.5593 0.5588 0.9184 0.3812 0 0.9245
-13.375 1.5 -6.9664 0.5675 0.919 0.2889 0 0.9574
-13.375 2.75 -6.9664 0.5743 0.9103 0.2889 0 0.9574
-14.7239 2.75 -6.5593 0.5631 0.9094 0.3812 0 0.9245
-14.7239 2.75 -6.5593 0.5631 0.9094 0.3812 0 0.9245
-14.7239 1.5 -6.5593 0.5588 0.9184 0.3812 0 0.9245
-13.375 1.5 -6.9664 0.5675 0.919 0.2889 0 0.9574
-13.375 1.5 -13.375 0.5858 0.9612 1 0 0
-13.375 2.75 -13.375 0.5941 0.9563 1 0 0
-13.375 2.75 -6.9664 0.5743 0.9103 1 0 0
-13.375 2.75 -6.9664 0.5743 0.9103 1 0 0
-13.375 1.5 -6.9664 0.5675 0.919 1 0 0
-13.375 1.5 -13.375 0.5858 0.9612 1 0 0
-6.9664 1.5 -13.375 0.6405 0.957 0 0 1
-6.9664 2.75 -13.375 0.6433 0.9466 0 0 1
-13.375 2.75 -13.375 0.5941 0.9563 0 0 1
-13.375 2.75 -13.375 0.5941 0.9563 0 0 1
-13.375 1.5 -13.375 0.5945 0.9665 0 0 1
-6.9664 1.5 -13.375 0.6405 0.957 0 0 1
-6.5594 1.5 -14.7239 0.6455 0.9632 0.9245 0 0.3811
-6.5594 2.75 -14.7239 0.6504 0.9553 0.9245 0 0.3811
-6.9664 2.75 -13.375 0.6433 0.9466 0.9574 0 0.2888
-6.9664 2.75 -13.375 0.6433 0.9466 0.9574 0 0.2888
-6.9664 1.5 -13.375 0.6405 0.957 0.9574 0 0.2888
-6.5594 1.5 -14.7239 0.6455 0.9632 0.9245 0 0.3811
-5.909 1.5 -15.946 0.6535 0.9707 0.8334 0 0.5526
-5.909 2.75 -15.946 0.6587 0.9623 0.8334 0 0.5526
-6.5594 2.75 -14.7239 0.6504 0.9553 0.9245 0 0.3811
-6.5594 2.75 -14.7239 0.6504 0.9553 0.9245 0 0.3811
-6.5594 1.5 -14.7239 0.6455 0.9632 0.9245 0 0.3811
-5.909 1.5 -15.946 0.6535 0.9707 0.8334 0 0.5526
-5.0436 1.5 -17.012 0.6638 0.9772 0.7123 0 0.7018
-5.0436 2.75 -17.012 0.6681 0.9679 0.7123 0 0.7018
-5.909 2.75 -15.946 0.6587 0.9623 0.8334 0 0.5526
-5.909 2.75 -15.946 0.6587 0.9623 0.8334 0 0.5526
-5.909 1.5 -15.946 0.6535 0.9707 0.8334 0 0.5526
-5.0436 1.5 -17.012 0.6638 0.9772 0.7123 0 0.7018
-3.9916 1.5 -17.8923 0.6756 0.9818 0.5644 0 0.8255
-3.9916 2.75 -17.8923 0.6785 0.9719 0.5644 0 0.8255
-5.0436 2.75 -17.012 0.6681 0.9679 0.7123 0 0.7018
-5.0436 2.75 -17.012 0.6681 0.9679 0.7123 0 0.7018
-5.0436 1.5 -17.012 0.6638 0.9772 0.7123 0 0.7018
-3.9916 1.5 -17.8923 0.6756 0.9818 0.5644 0 0.8255
-2.7814 1.5 -18.5575 0.6884 0.9843 0.3926 0 0.9197
-2.7814 2.75 -18.5575 0.6895 0.9741 0.3926 0 0.9197
-3.9916 2.75 -17.8923 0.6785 0.9719 0.5644 0 0.8255
-3.9916 2.75 -17.8923 0.6785 0.9719 0.5644 0 0.8255
-3.9916 1.5 -17.8923 0.6756 0.9818 0.5644 0 0.8255
-2.7814 1.5 -18.5575 0.6884 0.9843 0.3926 0 0.9197
-1.4414 1.5 -18.9782 0.7018 0.9844 0.2015 0 0.9795
-1.4414 2.75 -18.9782 0.7009 0.9741 0.2015 0 0.9795
-2.7814 2.75 -18.5575 0.6895 0.9741 0.3926 0 0.9197
-2.7814 2.75 -18.5575 0.6895 0.9741 0.3926 0 0.9197
-2.7814 1.5 -18.5575 0.6884 0.9843 0.3926 0 0.9197
-1.4414 1.5 -18.9782 0.7018 0.9844 0.2015 0 0.9795
0 1.5 -19.125 0.7154 0.9817 0 0 1
0 2.75 -19.125 0.7125 0.9718 0 0 1
-1.4414 2.75 -18.9782 0.7009 0.9741 0.2015 0 0.9795
-1.4414 2.75 -18.9782 0.7009 0.9741 0.2015 0 0.9795
-1.4414 1.5 -18.9782 0.7018 0.9844 0.2015 0 0.9795
0 1.5 -19.125 0.7154 0.9817 0 0 1
1.4414 1.5 -18.9782 0.7282 0.9764 -0.2015 0 0.9795
1.4414 2.75 -18.9782 0.7234 0.9673 -0.2015 0 0.9795
0 2.75 -19.125 0.7125 0.9718 0 0 1
0 2.75 -19.125 0.7125 0.9718 0 0 1
0 1.5 -19.125 0.7154 0.9817 0 0 1
1.4414 1.5 -18.9782 0.7282 0.9764 -0.2015 0 0.9795
2.7814 1.5 -18.5575 0.7393 0.969 -0.3926 0 0.9197
2.7814 2.75 -18.5575 0.7329 0.961 -0.3926 0 0.9197
1.4414 2.75 -18.9782 0.7234 0.9673 -0.2015 0 0.9795
1.4414 2.75 -18.9782 0.7234 0.9673 -0.2015 0 0.9795
1.4414 1.5 -18.9782 0.7282 0.9764 -0.2015 0 0.9795
2.7814 1.5 -18.5575 0.7393 0.969 -0.3926 0 0.9197
3.9916 1.5 -17.8922 0.7487 0.9598 -0.5644 0 0.8255
3.9916 2.75 -17.8922 0.7408 0.9531 -0.5644 0 0.8255
2.7814 2.75 -18.5575 0.7329 0.961 -0.3926 0 0.9197
2.7814 2.75 -18.5575 0.7329 0.961 -0.3926 0 0.9197
2.7814 1.5 -18.5575 0.7393 0.969 -0.3926 0 0.9197
3.9916 1.5 -17.8922 0.7487 0.9598 -0.5644 0 0.8255
5.0436 1.5 -17.0119 0.7559 0.9494 -0.7123 0 0.7018
5.0436 2.75 -17.0119 0.7471 0.944 -0.7123 0 0.7018
3.9916 2.75 -17.8922 0.7408 0.9531 -0.5644 0 0.8255
3.9916 2.75 -17.8922 0.7408 0.9531 -0.5644 0 0.8255
3.9916 1.5 -17.8922 0.7487 0.9598 -0.5644 0 0.8255
5.0436 1.5 -17.0119 0.7559 0.9494 -0.7123 0 0.7018
5.909 1.5 -15.946 0.761 0.9384 -0.8334 0 0.5526
5.909 2.75 -15.946 0.7518 0.934 -0.8334 0 0.5526
5.0436 2.75 -17.0119 0.7471 0.944 -0.7123 0 0.7018
5.0436 2.75 -17.0119 0.7471 0.944 -0.7123 0 0.7018
5.0436 1.5 -17.0119 0.7559 0.9494 -0.7123 0 0.7018
5.909 1.5 -15.946 0.761 0.9384 -0.8334 0 0.5526
6.5594 1.5 -14.7239 0.7637 0.9277 -0.9245 0 0.3812
6.5594 2.75 -14.7239 0.7547 0.9234 -0.9245 0 0.3812
5.909 2.75 -15.946 0.7518 0.934 -0.8334 0 0.5526
5.909 2.75 -15.946 0.7518 0.934 -0.8334 0 0.5526
5.909 1.5 -15.946 0.761 0.9384 -0.8334 0 0.5526
6.5594 1.5 -14.7239 0.7637 0.9277 -0.9245 0 0.3812
6.9664 1.5 -13.375 0.7643 0.919 -0.9574 0 0.2889
6.9664 2.75 -13.375 0.7556 0.9122 -0.9574 0 0.2889
6.5594 2.75 -14.7239 0.7547 0.9234 -0.9245 0 0.3812
6.5594 2.75 -14.7239 0.7547 0.9234 -0.9245 0 0.3812
6.5594 1.5 -14.7239 0.7637 0.9277 -0.9245 0 0.3812
6.9664 1.5 -13.375 0.7643 0.919 -0.9574 0 0.2889
13.375 1.5 -13.375 0.8065 0.9007 0 0 1
13.375 2.75 -13.375 0.8017 0.8924 0 0 1
6.9664 2.75 -13.375 0.7556 0.9122 0 0 1
6.9664 2.75 -13.375 0.7556 0.9122 0 0 1
6.9664 1.5 -13.375 0.7643 0.919 0 0 1
13.375 1.5 -13.375 0.8065 0.9007 0 0 1
-0 1.5 0 0.4737 0.949 0 1 0
-1.4414 1.5 -18.9782 0.5087 0.9455 0 1 0
-2.7814 1.5 -18.5575 0.5078 0.943 0 1 0
-0 2.75 0 0.6659 0.8206 0 -1 0
-1.4414 2.75 -18.9782 0.7009 0.9741 0 -1 0
0 2.75 -19.125 0.7125 0.9718 0 -1 0
0 2.75 19.125 0.6193 0.6693 0 -1 0
-0 2.75 0 0.6659 0.8206 0 -1 0
1.4414 2.75 18.9782 0.6309 0.6671 0 -1 0
0 2.75 19.125 0.6193 0.6693 0 -1 0
-1.4414 2.75 18.9782 0.6084 0.6739 0 -1 0
-0 2.75 0 0.6659 0.8206 0 -1 0
-1.4414 2.75 18.9782 0.6084 0.6739 0 -1 0
-2.7814 2.75 18.5575 0.5989 0.6802 0 -1 0
-0 2.75 0 0.6659 0.8206 0 -1 0
-2.7814 2.75 18.5575 0.5989 0.6802 0 -1 0
-3.9916 2.75 17.8923 0.591 0.6881 0 -1 0
-0 2.75 0 0.6659 0.8206 0 -1 0
-3.9916 2.75 17.8923 0.591 0.6881 0 -1 0
-5.0436 2.75 17.012 0.5847 0.6972 0 -1 0
-0 2.75 0 0.6659 0.8206 0 -1 0
-5.0436 2.75 17.012 0.5847 0.6972 0 -1 0
-5.909 2.75 15.9461 0.58 0.7072 0 -1 0
-0 2.75 0 0.6659 0.8206 0 -1 0
-5.909 2.75 15.9461 0.58 0.7072 0 -1 0
-6.5594 2.75 14.7239 0.5771 0.7178 0 -1 0
-0 2.75 0 0.6659 0.8206 0 -1 0
-6.5594 2.75 14.7239 0.5771 0.7178 0 -1 0
-6.9664 2.75 13.375 0.5762 0.729 0 -1 0
-0 2.75 0 0.6659 0.8206 0 -1 0
-6.9664 2.75 13.375 0.5762 0.729 0 -1 0
-13.375 2.75 13.375 0.5301 0.7488 0 -1 0
-0 2.75 0 0.6659 0.8206 0 -1 0
-13.375 2.75 13.375 0.5301 0.7488 0 -1 0
-13.375 2.75 6.9664 0.5399 0.798 0 -1 0
-0 2.75 0 0.6659 0.8206 0 -1 0
-13.375 2.75 6.9664 0.5399 0.798 0 -1 0
-14.7239 2.75 6.5594 0.5311 0.8051 0 -1 0
-0 2.75 0 0.6659 0.8206 0 -1 0
-14.7239 2.75 6.5594 0.5311 0.8051 0 -1 0
-15.946 2.75 5.909 0.5242 0.8134 0 -1 0
-0 2.75 0 0.6659 0.8206 0 -1 0
-15.946 2.75 5.909 0.5242 0.8134 0 -1 0
-17.012 2.75 5.0436 0.5186 0.8228 0 -1 0
-0 2.75 0 0.6659 0.8206 0 -1 0
-17.012 2.75 5.0436 0.5186 0.8228 0 -1 0
-17.8923 2.75 3.9916 0.5145 0.8332 0 -1 0
-0 2.75 0 0.6659 0.8206 0 -1 0
-17.8923 2.75 3.9916 0.5145 0.8332 0 -1 0
-18.5575 2.75 2.7814 0.5124 0.8442 0 -1 0
-0 2.75 0 0.6659 0.8206 0 -1 0
-18.5575 2.75 2.7814 0.5124 0.8442 0 -1 0
-18.9782 2.75 1.4414 0.5124 0.8556 0 -1 0
-0 2.75 0 0.6659 0.8206 0 -1 0
-18.9782 2.75 1.4414 0.5124 0.8556 0 -1 0
-19.125 2.75 0 0.5146 0.8672 0 -1 0
-0 2.75 0 0.6659 0.8206 0 -1 0
-19.125 2.75 0 0.5146 0.8672 0 -1 0
-18.9782 2.75 -1.4414 0.5192 0.8781 0 -1 0
-0 2.75 0 0.6659 0.8206 0 -1 0
-18.9782 2.75 -1.4414 0.5192 0.8781 0 -1 0
-18.5575 2.75 -2.7813 0.5255 0.8875 0 -1 0
-0 2.75 0 0.6659 0.8206 0 -1 0
-18.5575 2.75 -2.7813 0.5255 0.8875 0 -1 0
-17.8922 2.75 -3.9915 0.5334 0.8955 0 -1 0
-0 2.75 0 0.6659 0.8206 0 -1 0
-17.8922 2.75 -3.9915 0.5334 0.8955 0 -1 0
-17.0119 2.75 -5.0435 0.5425 0.9018 0 -1 0
-0 2.75 0 0.6659 0.8206 0 -1 0
-17.0119 2.75 -5.0435 0.5425 0.9018 0 -1 0
-15.946 2.75 -5.9089 0.5525 0.9065 0 -1 0
-0 2.75 0 0.6659 0.8206 0 -1 0
-15.946 2.75 -5.9089 0.5525 0.9065 0 -1 0
-14.7239 2.75 -6.5593 0.5631 0.9094 0 -1 0
-0 2.75 0 0.6659 0.8206 0 -1 0
-14.7239 2.75 -6.5593 0.5631 0.9094 0 -1 0
-13.375 2.75 -6.9664 0.5743 0.9103 0 -1 0
-0 2.75 0 0.6659 0.8206 0 -1 0
-13.375 2.75 -6.9664 0.5743 0.9103 0 -1 0
-13.375 2.75 -13.375 0.5941 0.9563 0 -1 0
-0 2.75 0 0.6659 0.8206 0 -1 0
-13.375 2.75 -13.375 0.5941 0.9563 0 -1 0
-6.9664 2.75 -13.375 0.6433 0.9466 0 -1 0
-0 2.75 0 0.6659 0.8206 0 -1 0
-6.9664 2.75 -13.375 0.6433 0.9466 0 -1 0
-6.5594 2.75 -14.7239 0.6504 0.9553 0 -1 0
-0 2.75 0 0.6659 0.8206 0 -1 0
-6.5594 2.75 -14.7239 0.6504 0.9553 0 -1 0
-5.909 2.75 -15.946 0.6587 0.9623 0 -1 0
-0 2.75 0 0.6659 0.8206 0 -1 0
-5.909 2.75 -15.946 0.6587 0.9623 0 -1 0
-5.0436 2.75 -17.012 0.6681 0.9679 0 -1 0
-0 2.75 0 0.6659 0.8206 0 -1 0
-5.0436 2.75 -17.012 0.6681 0.9679 0 -1 0
-3.9916 2.75 -17.8923 0.6785 0.9719 0 -1 0
-0 2.75 0 0.6659 0.8206 0 -1 0
-3.9916 2.75 -17.8923 0.6785 0.9719 0 -1 0
-2.7814 2.75 -18.5575 0.6895 0.9741 0 -1 0
-0 2.75 0 0.6659 0.8206 0 -1 0
-2.7814 2.75 -18.5575 0.6895 0.9741 0 -1 0
-1.4414 2.75 -18.9782 0.7009 0.9741 0 -1 0
-0 2.75 0 0.6659 0.8206 0 -1 0
-0 2.75 0 0.6659 0.8206 0 -1 0
0 2.75 -19.125 0.7125 0.9718 0 -1 0
1.4414 2.75 -18.9782 0.7234 0.9673 0 -1 0
-0 2.75 0 0.6659 0.8206 0 -1 0
1.4414 2.75 -18.9782 0.7234 0.9673 0 -1 0
2.7814 2.75 -18.5575 0.7329 0.961 0 -1 0
-0 2.75 0 0.6659 0.8206 0 -1 0
2.7814 2.75 -18.5575 0.7329 0.961 0 -1 0
3.9916 2.75 -17.8922 0.7408 0.9531 0 -1 0
-0 2.75 0 0.6659 0.8206 0 -1 0
3.9916 2.75 -17.8922 0.7408 0.9531 0 -1 0
5.0436 2.75 -17.0119 0.7471 0.944 0 -1 0
-0 2.75 0 0.6659 0.8206 0 -1 0
5.0436 2.75 -17.0119 0.7471 0.944 0 -1 0
5.909 2.75 -15.946 0.7518 0.934 0 -1 0
-0 2.75 0 0.6659 0.8206 0 -1 0
5.909 2.75 -15.946 0.7518 0.934 0 -1 0
6.5594 2.75 -14.7239 0.7547 0.9234 0 -1 0
-0 2.75 0 0.6659 0.8206 0 -1 0
6.5594 2.75 -14.7239 0.7547 0.9234 0 -1 0
6.9664 2.75 -13.375 0.7556 0.9122 0 -1 0
-0 2.75 0 0.6659 0.8206 0 -1 0
6.9664 2.75 -13.375 0.7556 0.9122 0 -1 0
13.375 2.75 -13.375 0.8017 0.8924 0 -1 0
-0 2.75 0 0.6659 0.8206 0 -1 0
13.375 2.75 -13.375 0.8017 0.8924 0 -1 0
13.375 2.75 -6.9664 0.7919 0.8432 0 -1 0
-0 2.75 0 0.6659 0.8206 0 -1 0
13.375 2.75 -6.9664 0.7919 0.8432 0 -1 0
14.7239 2.75 -6.5594 0.8007 0.8361 0 -1 0
-0 2.75 0 0.6659 0.8206 0 -1 0
14.7239 2.75 -6.5594 0.8007 0.8361 0 -1 0
15.946 2.75 -5.909 0.8076 0.8278 0 -1 0
-0 2.75 0 0.6659 0.8206 0 -1 0
15.946 2.75 -5.909 0.8076 0.8278 0 -1 0
17.012 2.75 -5.0436 0.8132 0.8183 0 -1 0
-0 2.75 0 0.6659 0.8206 0 -1 0
17.012 2.75 -5.0436 0.8132 0.8183 0 -1 0
17.8923 2.75 -3.9916 0.8172 0.808 0 -1 0
-0 2.75 0 0.6659 0.8206 0 -1 0
17.8923 2.75 -3.9916 0.8172 0.808 0 -1 0
18.5575 2.75 -2.7814 0.8194 0.797 0 -1 0
-0 2.75 0 0.6659 0.8206 0 -1 0
18.5575 2.75 -2.7814 0.8194 0.797 0 -1 0
18.9782 2.75 -1.4414 0.8194 0.7856 0 -1 0
-0 2.75 0 0.6659 0.8206 0 -1 0
18.9782 2.75 -1.4414 0.8194 0.7856 0 -1 0
19.125 2.75 0 0.8171 0.774 0 -1 0
-0 2.75 0 0.6659 0.8206 0 -1 0
19.125 2.75 0 0.8171 0.774 0 -1 0
18.9782 2.75 1.4414 0.8126 0.7631 0 -1 0
-0 2.75 0 0.6659 0.8206 0 -1 0
18.9782 2.75 1.4414 0.8126 0.7631 0 -1 0
18.5575 2.75 2.7814 0.8063 0.7536 0 -1 0
-0 2.75 0 0.6659 0.8206 0 -1 0
18.5575 2.75 2.7814 0.8063 0.7536 0 -1 0
17.8922 2.75 3.9916 0.7984 0.7457 0 -1 0
-0 2.75 0 0.6659 0.8206 0 -1 0
17.8922 2.75 3.9916 0.7984 0.7457 0 -1 0
17.0119 2.75 5.0436 0.7892 0.7393 0 -1 0
-0 2.75 0 0.6659 0.8206 0 -1 0
17.0119 2.75 5.0436 0.7892 0.7393 0 -1 0
15.946 2.75 5.9089 0.7793 0.7347 0 -1 0
-0 2.75 0 0.6659 0.8206 0 -1 0
15.946 2.75 5.9089 0.7793 0.7347 0 -1 0
14.7239 2.75 6.5593 0.7687 0.7318 0 -1 0
-0 2.75 0 0.6659 0.8206 0 -1 0
14.7239 2.75 6.5593 0.7687 0.7318 0 -1 0
13.375 2.75 6.9664 0.7575 0.7309 0 -1 0
-0 2.75 0 0.6659 0.8206 0 -1 0
13.375 2.75 6.9664 0.7575 0.7309 0 -1 0
13.375 2.75 13.375 0.7377 0.6848 0 -1 0
-0 2.75 0 0.6659 0.8206 0 -1 0
13.375 2.75 13.375 0.7377 0.6848 0 -1 0
6.9664 2.75 13.375 0.6885 0.6946 0 -1 0
-0 2.75 0 0.6659 0.8206 0 -1 0
6.9664 2.75 13.375 0.6885 0.6946 0 -1 0
6.5594 2.75 14.7239 0.6814 0.6858 0 -1 0
-0 2.75 0 0.6659 0.8206 0 -1 0
6.5594 2.75 14.7239 0.6814 0.6858 0 -1 0
5.909 2.75 15.946 0.6731 0.6789 0 -1 0
-0 2.75 0 0.6659 0.8206 0 -1 0
5.909 2.75 15.946 0.6731 0.6789 0 -1 0
5.0436 2.75 17.012 0.6637 0.6733 0 -1 0
-0 2.75 0 0.6659 0.8206 0 -1 0
5.0436 2.75 17.012 0.6637 0.6733 0 -1 0
3.9916 2.75 17.8923 0.6533 0.6692 0 -1 0
-0 2.75 0 0.6659 0.8206 0 -1 0
3.9916 2.75 17.8923 0.6533 0.6692 0 -1 0
2.7814 2.75 18.5575 0.6423 0.6671 0 -1 0
-0 2.75 0 0.6659 0.8206 0 -1 0
2.7814 2.75 18.5575 0.6423 0.6671 0 -1 0
1.4414 2.75 18.9782 0.6309 0.6671 0 -1 0
2.7814 1.5 18.5575 0.4395 0.955 0 1 0
-0 1.5 0 0.4737 0.949 0 1 0
1.4414 1.5 18.9782 0.4387 0.9526 0 1 0
2.7814 1.5 18.5575 0.4395 0.955 0 1 0
3.9916 1.5 17.8923 0.4408 0.9572 0 1 0
-0 1.5 0 0.4737 0.949 0 1 0
3.9916 1.5 17.8923 0.4408 0.9572 0 1 0
5.0436 1.5 17.012 0.4425 0.9591 0 1 0
-0 1.5 0 0.4737 0.949 0 1 0
5.0436 1.5 17.012 0.4425 0.9591 0 1 0
5.909 1.5 15.946 0.4445 0.9607 0 1 0
-0 1.5 0 0.4737 0.949 0 1 0
5.909 1.5 15.946 0.4445 0.9607 0 1 0
6.5594 1.5 14.7239 0.4468 0.9618 0 1 0
-0 1.5 0 0.4737 0.949 0 1 0
6.5594 1.5 14.7239 0.4468 0.9618 0 1 0
6.9664 1.5 13.375 0.4493 0.9625 0 1 0
-0 1.5 0 0.4737 0.949 0 1 0
6.9664 1.5 13.375 0.4493 0.9625 0 1 0
13.375 1.5 13.375 0.4496 0.9744 0 1 0
-0 1.5 0 0.4737 0.949 0 1 0
13.375 1.5 13.375 0.4496 0.9744 0 1 0
13.375 1.5 6.9664 0.4614 0.9741 0 1 0
-0 1.5 0 0.4737 0.949 0 1 0
13.375 1.5 6.9664 0.4614 0.9741 0 1 0
14.7239 1.5 6.5593 0.4622 0.9765 0 1 0
-0 1.5 0 0.4737 0.949 0 1 0
14.7239 1.5 6.5593 0.4622 0.9765 0 1 0
15.946 1.5 5.9089 0.4635 0.9788 0 1 0
-0 1.5 0 0.4737 0.949 0 1 0
15.946 1.5 5.9089 0.4635 0.9788 0 1 0
17.0119 1.5 5.0436 0.4652 0.9807 0 1 0
-0 1.5 0 0.4737 0.949 0 1 0
17.0119 1.5 5.0436 0.4652 0.9807 0 1 0
17.8922 1.5 3.9916 0.4671 0.9823 0 1 0
-0 1.5 0 0.4737 0.949 0 1 0
17.8922 1.5 3.9916 0.4671 0.9823 0 1 0
18.5575 1.5 2.7814 0.4694 0.9835 0 1 0
-0 1.5 0 0.4737 0.949 0 1 0
18.5575 1.5 2.7814 0.4694 0.9835 0 1 0
18.9782 1.5 1.4414 0.4719 0.9842 0 1 0
-0 1.5 0 0.4737 0.949 0 1 0
18.9782 1.5 1.4414 0.4719 0.9842 0 1 0
19.125 1.5 0 0.4746 0.9844 0 1 0
-0 1.5 0 0.4737 0.949 0 1 0
19.125 1.5 0 0.4746 0.9844 0 1 0
18.9782 1.5 -1.4414 0.4772 0.984 0 1 0
-0 1.5 0 0.4737 0.949 0 1 0
18.9782 1.5 -1.4414 0.4772 0.984 0 1 0
18.5575 1.5 -2.7814 0.4797 0.9832 0 1 0
-0 1.5 0 0.4737 0.949 0 1 0
18.5575 1.5 -2.7814 0.4797 0.9832 0 1 0
17.8923 1.5 -3.9916 0.4819 0.9819 0 1 0
-0 1.5 0 0.4737 0.949 0 1 0
17.8923 1.5 -3.9916 0.4819 0.9819 0 1 0
17.012 1.5 -5.0436 0.4838 0.9802 0 1 0
-0 1.5 0 0.4737 0.949 0 1 0
17.012 1.5 -5.0436 0.4838 0.9802 0 1 0
15.946 1.5 -5.909 0.4853 0.9782 0 1 0
-0 1.5 0 0.4737 0.949 0 1 0
15.946 1.5 -5.909 0.4853 0.9782 0 1 0
14.7239 1.5 -6.5594 0.4865 0.9759 0 1 0
-0 1.5 0 0.4737 0.949 0 1 0
14.7239 1.5 -6.5594 0.4865 0.9759 0 1 0
13.375 1.5 -6.9664 0.4872 0.9734 0 1 0
-0 1.5 0 0.4737 0.949 0 1 0
13.375 1.5 -6.9664 0.4872 0.9734 0 1 0
13.375 1.5 -13.375 0.499 0.9731 0 1 0
-0 1.5 0 0.4737 0.949 0 1 0
13.375 1.5 -13.375 0.499 0.9731 0 1 0
6.9664 1.5 -13.375 0.4987 0.9613 0 1 0
-0 1.5 0 0.4737 0.949 0 1 0
6.9664 1.5 -13.375 0.4987 0.9613 0 1 0
6.5594 1.5 -14.7239 0.5012 0.9605 0 1 0
-0 1.5 0 0.4737 0.949 0 1 0
6.5594 1.5 -14.7239 0.5012 0.9605 0 1 0
5.909 1.5 -15.946 0.5034 0.9592 0 1 0
-0 1.5 0 0.4737 0.949 0 1 0
5.909 1.5 -15.946 0.5034 0.9592 0 1 0
5.0436 1.5 -17.0119 0.5053 0.9576 0 1 0
-0 1.5 0 0.4737 0.949 0 1 0
5.0436 1.5 -17.0119 0.5053 0.9576 0 1 0
3.9916 1.5 -17.8922 0.5069 0.9556 0 1 0
-0 1.5 0 0.4737 0.949 0 1 0
3.9916 1.5 -17.8922 0.5069 0.9556 0 1 0
2.7814 1.5 -18.5575 0.5081 0.9533 0 1 0
-0 1.5 0 0.4737 0.949 0 1 0
2.7814 1.5 -18.5575 0.5081 0.9533 0 1 0
1.4414 1.5 -18.9782 0.5088 0.9508 0 1 0
-0 1.5 0 0.4737 0.949 0 1 0
1.4414 1.5 -18.9782 0.5088 0.9508 0 1 0
0 1.5 -19.125 0.509 0.9482 0 1 0
-0 1.5 0 0.4737 0.949 0 1 0
0 1.5 -19.125 0.509 0.9482 0 1 0
-1.4414 1.5 -18.9782 0.5087 0.9455 0 1 0
-0 1.5 0 0.4737 0.949 0 1 0
-0 1.5 0 0.4737 0.949 0 1 0
-2.7814 1.5 -18.5575 0.5078 0.943 0 1 0
-3.9916 1.5 -17.8923 0.5066 0.9408 0 1 0
-0 1.5 0 0.4737 0.949 0 1 0
-3.9916 1.5 -17.8923 0.5066 0.9408 0 1 0
-5.0436 1.5 -17.012 0.5049 0.9389 0 1 0
-0 1.5 0 0.4737 0.949 0 1 0
-5.0436 1.5 -17.012 0.5049 0.9389 0 1 0
-5.909 1.5 -15.946 0.5029 0.9374 0 1 0
-0 1.5 0 0.4737 0.949 0 1 0
-5.909 1.5 -15.946 0.5029 0.9374 0 1 0
-6.5594 1.5 -14.7239 0.5006 0.9362 0 1 0
-0 1.5 0 0.4737 0.949 0 1 0
-6.5594 1.5 -14.7239 0.5006 0.9362 0 1 0
-6.9664 1.5 -13.375 0.4981 0.9356 0 1 0
-0 1.5 0 0.4737 0.949 0 1 0
-6.9664 1.5 -13.375 0.4981 0.9356 0 1 0
-13.375 1.5 -13.375 0.4978 0.9237 0 1 0
-0 1.5 0 0.4737 0.949 0 1 0
-13.375 1.5 -13.375 0.4978 0.9237 0 1 0
-13.375 1.5 -6.9664 0.4859 0.924 0 1 0
-0 1.5 0 0.4737 0.949 0 1 0
-13.375 1.5 -6.9664 0.4859 0.924 0 1 0
-14.7239 1.5 -6.5593 0.4851 0.9215 0 1 0
-0 1.5 0 0.4737 0.949 0 1 0
-14.7239 1.5 -6.5593 0.4851 0.9215 0 1 0
-15.946 1.5 -5.9089 0.4839 0.9193 0 1 0
-0 1.5 0 0.4737 0.949 0 1 0
-15.946 1.5 -5.9089 0.4839 0.9193 0 1 0
-17.0119 1.5 -5.0435 0.4822 0.9174 0 1 0
-0 1.5 0 0.4737 0.949 0 1 0
-17.0119 1.5 -5.0435 0.4822 0.9174 0 1 0
-17.8922 1.5 -3.9915 0.4802 0.9158 0 1 0
-0 1.5 0 0.4737 0.949 0 1 0
-17.8922 1.5 -3.9915 0.4802 0.9158 0 1 0
-18.5575 1.5 -2.7813 0.478 0.9146 0 1 0
-0 1.5 0 0.4737 0.949 0 1 0
-18.5575 1.5 -2.7813 0.478 0.9146 0 1 0
-18.9782 1.5 -1.4414 0.4755 0.9139 0 1 0
-0 1.5 0 0.4737 0.949 0 1 0
-18.9782 1.5 -1.4414 0.4755 0.9139 0 1 0
-19.125 1.5 0 0.4728 0.9137 0 1 0
-0 1.5 0 0.4737 0.949 0 1 0
-19.125 1.5 0 0.4728 0.9137 0 1 0
-18.9782 1.5 1.4414 0.4701 0.914 0 1 0
-0 1.5 0 0.4737 0.949 0 1 0
-18.9782 1.5 1.4414 0.4701 0.914 0 1 0
-18.5575 1.5 2.7814 0.4677 0.9149 0 1 0
-0 1.5 0 0.4737 0.949 0 1 0
-18.5575 1.5 2.7814 0.4677 0.9149 0 1 0
-17.8923 1.5 3.9916 0.4655 0.9162 0 1 0
-0 1.5 0 0.4737 0.949 0 1 0
-17.8923 1.5 3.9916 0.4655 0.9162 0 1 0
-17.012 1.5 5.0436 0.4636 0.9178 0 1 0
-0 1.5 0 0.4737 0.949 0 1 0
-17.012 1.5 5.0436 0.4636 0.9178 0 1 0
-15.946 1.5 5.909 0.462 0.9199 0 1 0
-0 1.5 0 0.4737 0.949 0 1 0
-15.946 1.5 5.909 0.462 0.9199 0 1 0
-14.7239 1.5 6.5594 0.4609 0.9221 0 1 0
-0 1.5 0 0.4737 0.949 0 1 0
-14.7239 1.5 6.5594 0.4609 0.9221 0 1 0
-13.375 1.5 6.9664 0.4602 0.9247 0 1 0
-0 1.5 0 0.4737 0.949 0 1 0
-13.375 1.5 6.9664 0.4602 0.9247 0 1 0
-13.375 1.5 13.375 0.4484 0.925 0 1 0
-0 1.5 0 0.4737 0.949 0 1 0
-13.375 1.5 13.375 0.4484 0.925 0 1 0
-6.9664 1.5 13.375 0.4487 0.9368 0 1 0
-0 1.5 0 0.4737 0.949 0 1 0
-6.9664 1.5 13.375 0.4487 0.9368 0 1 0
-6.5594 1.5 14.7239 0.4462 0.9376 0 1 0
-0 1.5 0 0.4737 0.949 0 1 0
-6.5594 1.5 14.7239 0.4462 0.9376 0 1 0
-5.909 1.5 15.9461 0.444 0.9389 0 1 0
-0 1.5 0 0.4737 0.949 0 1 0
-5.909 1.5 15.9461 0.444 0.9389 0 1 0
-5.0436 1.5 17.012 0.442 0.9405 0 1 0
-0 1.5 0 0.4737 0.949 0 1 0
-5.0436 1.5 17.012 0.442 0.9405 0 1 0
-3.9916 1.5 17.8923 0.4404 0.9425 0 1 0
-0 1.5 0 0.4737 0.949 0 1 0
-3.9916 1.5 17.8923 0.4404 0.9425 0 1 0
-2.7814 1.5 18.5575 0.4393 0.9448 0 1 0
-0 1.5 0 0.4737 0.949 0 1 0
-2.7814 1.5 18.5575 0.4393 0.9448 0 1 0
-1.4414 1.5 18.9782 0.4386 0.9473 0 1 0
-0 1.5 0 0.4737 0.949 0 1 0
-1.4414 1.5 18.9782 0.4386 0.9473 0 1 0
0 1.5 19.125 0.4384 0.9499 0 1 0
-0 1.5 0 0.4737 0.949 0 1 0
0 1.5 19.125 0.4384 0.9499 0 1 0
1.4414 1.5 18.9782 0.4387 0.9526 0 1 0
