Vertex Count: 648

Data:

14.1421 0 0 0.75 1 0 -1 0
13.2893 0 4.8369 0.8056 1 0 -1 0
0 0 0 0.5 1 0 -1 0
13.2893 0 4.8369 0.8056 1 0 -1 0
10.8335 0 9.0904 0.8611 1 0 -1 0
0 0 0 0.5 1 0 -1 0
10.8335 0 9.0904 0.8611 1 0 -1 0
7.0711 0 12.2474 0.9167 1 0 -1 0
0 0 0 0.5 1 0 -1 0
7.0711 0 12.2474 0.9167 1 0 -1 0
2.4558 0 13.9273 0.9722 1 0 -1 0
0 0 0 0.5 1 0 -1 0
2.4558 0 13.9273 -0.0278 1 0 -1 0
-2.4558 0 13.9273 0.0278 1 0 -1 0
0 0 0 0.5 1 0 -1 0
-2.4558 0 13.9273 0.0278 1 0 -1 0
-7.0711 0 12.2474 0.0833 1 0 -1 0
0 0 0 0.5 1 0 -1 0
-7.0711 0 12.2474 0.0833 1 0 -1 0
-10.8335 0 9.0904 0.1389 1 0 -1 0
0 0 0 0.5 1 0 -1 0
-10.8335 0 9.0904 0.1389 1 0 -1 0
-13.2893 0 4.8369 0.1944 1 0 -1 0
0 0 0 0.5 1 0 -1 0
-13.2893 0 4.8369 0.1944 1 0 -1 0
-14.1421 0 0 0.25 1 0 -1 0
0 0 0 0.5 1 0 -1 0
-14.1421 0 0 0.25 1 0 -1 0
-13.2893 0 -4.8369 0.3056 1 0 -1 0
0 0 0 0.5 1 0 -1 0
-13.2893 0 -4.8369 0.3056 1 0 -1 0
-10.8335 0 -9.0904 0.3611 1 0 -1 0
0 0 0 0.5 1 0 -1 0
-10.8335 0 -9.0904 0.3611 1 0 -1 0
-7.0711 0 -12.2474 0.4167 1 0 -1 0
0 0 0 0.5 1 0 -1 0
-7.0711 0 -12.2474 0.4167 1 0 -1 0
-2.4558 0 -13.9273 0.4722 1 0 -1 0
0 0 0 0.5 1 0 -1 0
-2.4558 0 -13.9273 0.4722 1 0 -1 0
2.4557 0 -13.9273 0.5278 1 0 -1 0
0 0 0 0.5 1 0 -1 0
2.4557 0 -13.9273 0.5278 1 0 -1 0
7.0711 0 -12.2475 0.5833 1 0 -1 0
0 0 0 0.5 1 0 -1 0
7.0711 0 -12.2475 0.5833 1 0 -1 0
10.8335 0 -9.0904 0.6389 1 0 -1 0
0 0 0 0.5 1 0 -1 0
10.8335 0 -9.0904 0.6389 1 0 -1 0
13.2893 0 -4.8369 0.6944 1 0 -1 0
0 0 0 0.5 1 0 -1 0
13.2893 0 -4.8369 0.6944 1 0 -1 0
14.1421 0 0 0.75 1 0 -1 0
0 0 0 0.5 1 0 -1 0
14.1421 2 0 0.75 0.8 1 0 -0
13.2893 2 4.8369 0.8056 0.8 0.9397 0 0.342
14.1421 0 0 0.75 1 1 0 -0
13.2893 2 4.8369 0.8056 0.8 0.9397 0 0.342
13.2893 0 4.8369 0.8056 1 0.9397 0 0.342
14.1421 0 0 0.75 1 1 0 -0
13.2893 2 4.8369 0.8056 0.8 0.9397 0 0.342
10.8335 2 9.0904 0.8611 0.8 0.766 0 0.6428
13.2893 0 4.8369 0.8056 1 0.9397 0 0.342
10.8335 2 9.0904 0.8611 0.8 0.766 0 0.6428
10.8335 0 9.0904 0.8611 1 0.766 0 0.6428
13.2893 0 4.8369 0.8056 1 0.9397 0 0.342
10.8335 2 9.0904 0.8611 0.8 0.766 0 0.6428
7.0711 2 12.2474 0.9167 0.8 0.5 0 0.866
10.8335 0 9.0904 0.8611 1 0.766 0 0.6428
7.0711 2 12.2474 0.9167 0.8 0.5 0 0.866
7.0711 0 12.2474 0.9167 1 0.5 0 0.866
10.8335 0 9.0904 0.8611 1 0.766 0 0.6428
7.0711 2 12.2474 0.9167 0.8 0.5 0 0.866
2.4558 2 13.9273 0.9722 0.8 0.1736 0 0.9848
7.0711 0 12.2474 0.9167 1 0.5 0 0.866
2.4558 2 13.9273 0.9722 0.8 0.1736 0 0.9848
2.4558 0 13.9273 0.9722 1 0.1736 0 0.9848
7.0711 0 12.2474 0.9167 1 0.5 0 0.866
2.4558 2 13.9273 -0.0278 0.8 0.1736 0 0.9848
-2.4558 2 13.9273 0.0278 0.8 -0.1736 0 0.9848
2.4558 0 13.9273 -0.0278 1 0.1736 0 0.9848
-2.4558 2 13.9273 0.0278 0.8 -0.1736 0 0.9848
-2.4558 0 13.9273 0.0278 1 -0.1736 0 0.9848
2.4558 0 13.9273 -0.0278 1 0.1736 0 0.9848
-2.4558 2 13.9273 0.0278 0.8 -0.1736 0 0.9848
-7.0711 2 12.2474 0.0833 0.8 -0.5 0 0.866
-2.4558 0 13.9273 0.0278 1 -0.1736 0 0.9848
-7.0711 2 12.2474 0.0833 0.8 -0.5 0 0.866
-7.0711 0 12.2474 0.0833 1 -0.5 0 0.866
-2.4558 0 13.9273 0.0278 1 -0.1736 0 0.9848
-7.0711 2 12.2474 0.0833 0.8 -0.5 0 0.866
-10.8335 2 9.0904 0.1389 0.8 -0.766 0 0.6428
-7.0711 0 12.2474 0.0833 1 -0.5 0 0.866
-10.8335 2 9.0904 0.1389 0.8 -0.766 0 0.6428
-10.8335 0 9.0904 0.1389 1 -0.766 0 0.6428
-7.0711 0 12.2474 0.0833 1 -0.5 0 0.866
-10.8335 2 9.0904 0.1389 0.8 -0.766 0 0.6428
-13.2893 2 4.8369 0.1944 0.8 -0.9397 0 0.342
-10.8335 0 9.0904 0.1389 1 -0.766 0 0.6428
-13.2893 2 4.8369 0.1944 0.8 -0.9397 0 0.342
-13.2893 0 4.8369 0.1944 1 -0.9397 0 0.342
-10.8335 0 9.0904 0.1389 1 -0.766 0 0.6428
-13.2893 2 4.8369 0.1944 0.8 -0.9397 0 0.342
-14.1421 2 0 0.25 0.8 -1 0 0
-13.2893 0 4.8369 0.1944 1 -0.9397 0 0.342
-14.1421 2 0 0.25 0.8 -1 0 0
-14.1421 0 0 0.25 1 -1 0 0
-13.2893 0 4.8369 0.1944 1 -0.9397 0 0.342
-14.1421 2 0 0.25 0.8 -1 0 0
-13.2893 2 -4.8369 0.3056 0.8 -0.9397 0 -0.342
-14.1421 0 0 0.25 1 -1 0 0
-13.2893 2 -4.8369 0.3056 0.8 -0.9397 0 -0.342
-13.2893 0 -4.8369 0.3056 1 -0.9397 0 -0.342
-14.1421 0 0 0.25 1 -1 0 0
-13.2893 2 -4.8369 0.3056 0.8 -0.9397 0 -0.342
-10.8335 2 -9.0904 0.3611 0.8 -0.766 0 -0.6428
-13.2893 0 -4.8369 0.3056 1 -0.9397 0 -0.342
-10.8335 2 -9.0904 0.3611 0.8 -0.766 0 -0.6428
-10.8335 0 -9.0904 0.3611 1 -0.766 0 -0.6428
-13.2893 0 -4.8369 0.3056 1 -0.9397 0 -0.342
-10.8335 2 -9.0904 0.3611 0.8 -0.766 0 -0.6428
-7.0711 2 -12.2474 0.4167 0.8 -0.5 0 -0.866
-10.8335 0 -9.0904 0.3611 1 -0.766 0 -0.6428
-7.0711 2 -12.2474 0.4167 0.8 -0.5 0 -0.866
-7.0711 0 -12.2474 0.4167 1 -0.5 0 -0.866
-10.8335 0 -9.0904 0.3611 1 -0.766 0 -0.6428
-7.0711 2 -12.2474 0.4167 0.8 -0.5 0 -0.866
-2.4558 2 -13.9273 0.4722 0.8 -0.1736 0 -0.9848
-7.0711 0 -12.2474 0.4167 1 -0.5 0 -0.866
-2.4558 2 -13.9273 0.4722 0.8 -0.1736 0 -0.9848
-2.4558 0 -13.9273 0.4722 1 -0.1736 0 -0.9848
-7.0711 0 -12.2474 0.4167 1 -0.5 0 -0.866
-2.4558 2 -13.9273 0.4722 0.8 -0.1736 0 -0.9848
2.4557 2 -13.9273 0.5278 0.8 0.1736 0 -0.9848
-2.4558 0 -13.9273 0.4722 1 -0.1736 0 -0.9848
2.4557 2 -13.9273 0.5278 0.8 0.1736 0 -0.9848
2.4557 0 -13.9273 0.5278 1 0.1736 0 -0.9848
-2.4558 0 -13.9273 0.4722 1 -0.1736 0 -0.9848
2.4557 2 -13.9273 0.5278 0.8 0.1736 0 -0.9848
7.0711 2 -12.2475 0.5833 0.8 0.5 0 -0.866
2.4557 0 -13.9273 0.5278 1 0.1736 0 -0.9848
7.0711 2 -12.2475 0.5833 0.8 0.5 0 -0.866
7.0711 0 -12.2475 0.5833 1 0.5 0 -0.866
2.4557 0 -13.9273 0.5278 1 0.1736 0 -0.9848
7.0711 2 -12.2475 0.5833 0.8 0.5 0 -0.866
10.8335 2 -9.0904 0.6389 0.8 0.766 0 -0.6428
7.0711 0 -12.2475 0.5833 1 0.5 0 -0.866
10.8335 2 -9.0904 0.6389 0.8 0.766 0 -0.6428
10.8335 0 -9.0904 0.6389 1 0.766 0 -0.6428
7.0711 0 -12.2475 0.5833 1 0.5 0 -0.866
10.8335 2 -9.0904 0.6389 0.8 0.766 0 -0.6428
13.2893 2 -4.8369 0.6944 0.8 0.9397 0 -0.342
10.8335 0 -9.0904 0.6389 1 0.766 0 -0.6428
13.2893 2 -4.8369 0.6944 0.8 0.9397 0 -0.342
13.2893 0 -4.8369 0.6944 1 0.9397 0 -0.342
10.8335 0 -9.0904 0.6389 1 0.766 0 -0.6428
13.2893 2 -4.8369 0.6944 0.8 0.9397 0 -0.342
14.1421 2 0 0.75 0.8 1 0 -0
13.2893 0 -4.8369 0.6944 1 0.9397 0 -0.342
14.1421 2 0 0.75 0.8 1 0 -0
14.1421 0 0 0.75 1 1 0 -0
13.2893 0 -4.8369 0.6944 1 0.9397 0 -0.342
14.1421 4 0 0.75 0.6 1 0 -0
13.2893 4 4.8369 0.8056 0.6 0.9397 0 0.342
14.1421 2 0 0.75 0.8 1 0 -0
13.2893 4 4.8369 0.8056 0.6 0.9397 0 0.342
13.2893 2 4.8369 0.8056 0.8 0.9397 0 0.342
14.1421 2 0 0.75 0.8 1 0 -0
13.2893 4 4.8369 0.8056 0.6 0.9397 0 0.342
10.8335 4 9.0904 0.8611 0.6 0.766 0 0.6428
13.2893 2 4.8369 0.8056 0.8 0.9397 0 0.342
10.8335 4 9.0904 0.8611 0.6 0.766 0 0.6428
10.8335 2 9.0904 0.8611 0.8 0.766 0 0.6428
13.2893 2 4.8369 0.8056 0.8 0.9397 0 0.342
10.8335 4 9.0904 0.8611 0.6 0.766 0 0.6428
7.0711 4 12.2474 0.9167 0.6 0.5 0 0.866
10.8335 2 9.0904 0.8611 0.8 0.766 0 0.6428
7.0711 4 12.2474 0.9167 0.6 0.5 0 0.866
7.0711 2 12.2474 0.9167 0.8 0.5 0 0.866
10.8335 2 9.0904 0.8611 0.8 0.766 0 0.6428
7.0711 4 12.2474 0.9167 0.6 0.5 0 0.866
2.4558 4 13.9273 0.9722 0.6 0.1736 0 0.9848
7.0711 2 12.2474 0.9167 0.8 0.5 0 0.866
2.4558 4 13.9273 0.9722 0.6 0.1736 0 0.9848
2.4558 2 13.9273 0.9722 0.8 0.1736 0 0.9848
7.0711 2 12.2474 0.9167 0.8 0.5 0 0.866
2.4558 4 13.9273 -0.0278 0.6 0.1736 0 0.9848
-2.4558 4 13.9273 0.0278 0.6 -0.1736 0 0.9848
2.4558 2 13.9273 -0.0278 0.8 0.1736 0 0.9848
-2.4558 4 13.9273 0.0278 0.6 -0.1736 0 0.9848
-2.4558 2 13.9273 0.0278 0.8 -0.1736 0 0.9848
2.4558 2 13.9273 -0.0278 0.8 0.1736 0 0.9848
-2.4558 4 13.9273 0.0278 0.6 -0.1736 0 0.9848
-7.0711 4 12.2474 0.0833 0.6 -0.5 0 0.866
-2.4558 2 13.9273 0.0278 0.8 -0.1736 0 0.9848
-7.0711 4 12.2474 0.0833 0.6 -0.5 0 0.866
-7.0711 2 12.2474 0.0833 0.8 -0.5 0 0.866
-2.4558 2 13.9273 0.0278 0.8 -0.1736 0 0.9848
-7.0711 4 12.2474 0.0833 0.6 -0.5 0 0.866
-10.8335 4 9.0904 0.1389 0.6 -0.766 0 0.6428
-7.0711 2 12.2474 0.0833 0.8 -0.5 0 0.866
-10.8335 4 9.0904 0.1389 0.6 -0.766 0 0.6428
-10.8335 2 9.0904 0.1389 0.8 -0.766 0 0.6428
-7.0711 2 12.2474 0.0833 0.8 -0.5 0 0.866
-10.8335 4 9.0904 0.1389 0.6 -0.766 0 0.6428
-13.2893 4 4.8369 0.1944 0.6 -0.9397 0 0.342
-10.8335 2 9.0904 0.1389 0.8 -0.766 0 0.6428
-13.2893 4 4.8369 0.1944 0.6 -0.9397 0 0.342
-13.2893 2 4.8369 0.1944 0.8 -0.9397 0 0.342
-10.8335 2 9.0904 0.1389 0.8 -0.766 0 0.6428
-13.2893 4 4.8369 0.1944 0.6 -0.9397 0 0.342
-14.1421 4 0 0.25 0.6 -1 0 0
-13.2893 2 4.8369 0.1944 0.8 -0.9397 0 0.342
-14.1421 4 0 0.25 0.6 -1 0 0
-14.1421 2 0 0.25 0.8 -1 0 0
-13.2893 2 4.8369 0.1944 0.8 -0.9397 0 0.342
-14.1421 4 0 0.25 0.6 -1 0 0
-13.2893 4 -4.8369 0.3056 0.6 -0.9397 0 -0.342
-14.1421 2 0 0.25 0.8 -1 0 0
-13.2893 4 -4.8369 0.3056 0.6 -0.9397 0 -0.342
-13.2893 2 -4.8369 0.3056 0.8 -0.9397 0 -0.342
-14.1421 2 0 0.25 0.8 -1 0 0
-13.2893 4 -4.8369 0.3056 0.6 -0.9397 0 -0.342
-10.8335 4 -9.0904 0.3611 0.6 -0.766 0 -0.6428
-13.2893 2 -4.8369 0.3056 0.8 -0.9397 0 -0.342
-10.8335 4 -9.0904 0.3611 0.6 -0.766 0 -0.6428
-10.8335 2 -9.0904 0.3611 0.8 -0.766 0 -0.6428
-13.2893 2 -4.8369 0.3056 0.8 -0.9397 0 -0.342
-10.8335 4 -9.0904 0.3611 0.6 -0.766 0 -0.6428
-7.0711 4 -12.2474 0.4167 0.6 -0.5 0 -0.866
-10.8335 2 -9.0904 0.3611 0.8 -0.766 0 -0.6428
-7.0711 4 -12.2474 0.4167 0.6 -0.5 0 -0.866
-7.0711 2 -12.2474 0.4167 0.8 -0.5 0 -0.866
-10.8335 2 -9.0904 0.3611 0.8 -0.766 0 -0.6428
-7.0711 4 -12.2474 0.4167 0.6 -0.5 0 -0.866
-2.4558 4 -13.9273 0.4722 0.6 -0.1736 0 -0.9848
-7.0711 2 -12.2474 0.4167 0.8 -0.5 0 -0.866
-2.4558 4 -13.9273 0.4722 0.6 -0.1736 0 -0.9848
-2.4558 2 -13.9273 0.4722 0.8 -0.1736 0 -0.9848
-7.0711 2 -12.2474 0.4167 0.8 -0.5 0 -0.866
-2.4558 4 -13.9273 0.4722 0.6 -0.1736 0 -0.9848
2.4557 4 -13.9273 0.5278 0.6 0.1736 0 -0.9848
-2.4558 2 -13.9273 0.4722 0.8 -0.1736 0 -0.9848
2.4557 4 -13.9273 0.5278 0.6 0.1736 0 -0.9848
2.4557 2 -13.9273 0.5278 0.8 0.1736 0 -0.9848
-2.4558 2 -13.9273 0.4722 0.8 -0.1736 0 -0.9848
2.4557 4 -13.9273 0.5278 0.6 0.1736 0 -0.9848
7.0711 4 -12.2475 0.5833 0.6 0.5 0 -0.866
2.4557 2 -13.9273 0.5278 0.8 0.1736 0 -0.9848
7.0711 4 -12.2475 0.5833 0.6 0.5 0 -0.866
7.0711 2 -12.2475 0.5833 0.8 0.5 0 -0.866
2.4557 2 -13.9273 0.5278 0.8 0.1736 0 -0.9848
7.0711 4 -12.2475 0.5833 0.6 0.5 0 -0.866
10.8335 4 -9.0904 0.6389 0.6 0.766 0 -0.6428
7.0711 2 -12.2475 0.5833 0.8 0.5 0 -0.866
10.8335 4 -9.0904 0.6389 0.6 0.766 0 -0.6428
10.8335 2 -9.0904 0.6389 0.8 0.766 0 -0.6428
7.0711 2 -12.2475 0.5833 0.8 0.5 0 -0.866
10.8335 4 -9.0904 0.6389 0.6 0.766 0 -0.6428
13.2893 4 -4.8369 0.6944 0.6 0.9397 0 -0.342
10.8335 2 -9.0904 0.6389 0.8 0.766 0 -0.6428
13.2893 4 -4.8369 0.6944 0.6 0.9397 0 -0.342
13.2893 2 -4.8369 0.6944 0.8 0.9397 0 -0.342
10.8335 2 -9.0904 0.6389 0.8 0.766 0 -0.6428
13.2893 4 -4.8369 0.6944 0.6 0.9397 0 -0.342
14.1421 4 0 0.75 0.6 1 0 -0
13.2893 2 -4.8369 0.6944 0.8 0.9397 0 -0.342
14.1421 4 0 0.75 0.6 1 0 -0
14.1421 2 0 0.75 0.8 1 0 -0
13.2893 2 -4.8369 0.6944 0.8 0.9397 0 -0.342
14.1421 6 0 0.75 0.4 1 0 -0
13.2893 6 4.8369 0.8056 0.4 0.9397 0 0.342
14.1421 4 0 0.75 0.6 1 0 -0
13.2893 6 4.8369 0.8056 0.4 0.9397 0 0.342
13.2893 4 4.8369 0.8056 0.6 0.9397 0 0.342
14.1421 4 0 0.75 0.6 1 0 -0
13.2893 6 4.8369 0.8056 0.4 0.9397 0 0.342
10.8335 6 9.0904 0.8611 0.4 0.766 0 0.6428
13.2893 4 4.8369 0.8056 0.6 0.9397 0 0.342
10.8335 6 9.0904 0.8611 0.4 0.766 0 0.6428
10.8335 4 9.0904 0.8611 0.6 0.766 0 0.6428
13.2893 4 4.8369 0.8056 0.6 0.9397 0 0.342
10.8335 6 9.0904 0.8611 0.4 0.766 0 0.6428
7.0711 6 12.2474 0.9167 0.4 0.5 0 0.866
10.8335 4 9.0904 0.8611 0.6 0.766 0 0.6428
7.0711 6 12.2474 0.9167 0.4 0.5 0 0.866
7.0711 4 12.2474 0.9167 0.6 0.5 0 0.866
10.8335 4 9.0904 0.8611 0.6 0.766 0 0.6428
7.0711 6 12.2474 0.9167 0.4 0.5 0 0.866
2.4558 6 13.9273 0.9722 0.4 0.1736 0 0.9848
7.0711 4 12.2474 0.9167 0.6 0.5 0 0.866
2.4558 6 13.9273 0.9722 0.4 0.1736 0 0.9848
2.4558 4 13.9273 0.9722 0.6 0.1736 0 0.9848
7.0711 4 12.2474 0.9167 0.6 0.5 0 0.866
2.4558 6 13.9273 -0.0278 0.4 0.1736 0 0.9848
-2.4558 6 13.9273 0.0278 0.4 -0.1736 0 0.9848
2.4558 4 13.9273 -0.0278 0.6 0.1736 0 0.9848
-2.4558 6 13.9273 0.0278 0.4 -0.1736 0 0.9848
-2.4558 4 13.9273 0.0278 0.6 -0.1736 0 0.9848
2.4558 4 13.9273 -0.0278 0.6 0.1736 0 0.9848
-2.4558 6 13.9273 0.0278 0.4 -0.1736 0 0.9848
-7.0711 6 12.2474 0.0833 0.4 -0.5 0 0.866
-2.4558 4 13.9273 0.0278 0.6 -0.1736 0 0.9848
-7.0711 6 12.2474 0.0833 0.4 -0.5 0 0.866
-7.0711 4 12.2474 0.0833 0.6 -0.5 0 0.866
-2.4558 4 13.9273 0.0278 0.6 -0.1736 0 0.9848
-7.0711 6 12.2474 0.0833 0.4 -0.5 0 0.866
-10.8335 6 9.0904 0.1389 0.4 -0.766 0 0.6428
-7.0711 4 12.2474 0.0833 0.6 -0.5 0 0.866
-10.8335 6 9.0904 0.1389 0.4 -0.766 0 0.6428
-10.8335 4 9.0904 0.1389 0.6 -0.766 0 0.6428
-7.0711 4 12.2474 0.0833 0.6 -0.5 0 0.866
-10.8335 6 9.0904 0.1389 0.4 -0.766 0 0.6428
-13.2893 6 4.8369 0.1944 0.4 -0.9397 0 0.342
-10.8335 4 9.0904 0.1389 0.6 -0.766 0 0.6428
-13.2893 6 4.8369 0.1944 0.4 -0.9397 0 0.342
-13.2893 4 4.8369 0.1944 0.6 -0.9397 0 0.342
-10.8335 4 9.0904 0.1389 0.6 -0.766 0 0.6428
-13.2893 6 4.8369 0.1944 0.4 -0.9397 0 0.342
-14.1421 6 0 0.25 0.4 -1 0 0
-13.2893 4 4.8369 0.1944 0.6 -0.9397 0 0.342
-14.1421 6 0 0.25 0.4 -1 0 0
-14.1421 4 0 0.25 0.6 -1 0 0
-13.2893 4 4.8369 0.1944 0.6 -0.9397 0 0.342
-14.1421 6 0 0.25 0.4 -1 0 0
-13.2893 6 -4.8369 0.3056 0.4 -0.9397 0 -0.342
-14.1421 4 0 0.25 0.6 -1 0 0
-13.2893 6 -4.8369 0.3056 0.4 -0.9397 0 -0.342
-13.2893 4 -4.8369 0.3056 0.6 -0.9397 0 -0.342
-14.1421 4 0 0.25 0.6 -1 0 0
-13.2893 6 -4.8369 0.3056 0.4 -0.9397 0 -0.342
-10.8335 6 -9.0904 0.3611 0.4 -0.766 0 -0.6428
-13.2893 4 -4.8369 0.3056 0.6 -0.9397 0 -0.342
-10.8335 6 -9.0904 0.3611 0.4 -0.766 0 -0.6428
-10.8335 4 -9.0904 0.3611 0.6 -0.766 0 -0.6428
-13.2893 4 -4.8369 0.3056 0.6 -0.9397 0 -0.342
-10.8335 6 -9.0904 0.3611 0.4 -0.766 0 -0.6428
-7.0711 6 -12.2474 0.4167 0.4 -0.5 0 -0.866
-10.8335 4 -9.0904 0.3611 0.6 -0.766 0 -0.6428
-7.0711 6 -12.2474 0.4167 0.4 -0.5 0 -0.866
-7.0711 4 -12.2474 0.4167 0.6 -0.5 0 -0.866
-10.8335 4 -9.0904 0.3611 0.6 -0.766 0 -0.6428
-7.0711 6 -12.2474 0.4167 0.4 -0.5 0 -0.866
-2.4558 6 -13.9273 0.4722 0.4 -0.1736 0 -0.9848
-7.0711 4 -12.2474 0.4167 0.6 -0.5 0 -0.866
-2.4558 6 -13.9273 0.4722 0.4 -0.1736 0 -0.9848
-2.4558 4 -13.9273 0.4722 0.6 -0.1736 0 -0.9848
-7.0711 4 -12.2474 0.4167 0.6 -0.5 0 -0.866
-2.4558 6 -13.9273 0.4722 0.4 -0.1736 0 -0.9848
2.4557 6 -13.9273 0.5278 0.4 0.1736 0 -0.9848
-2.4558 4 -13.9273 0.4722 0.6 -0.1736 0 -0.9848
2.4557 6 -13.9273 0.5278 0.4 0.1736 0 -0.9848
2.4557 4 -13.9273 0.5278 0.6 0.1736 0 -0.9848
-2.4558 4 -13.9273 0.4722 0.6 -0.1736 0 -0.9848
2.4557 6 -13.9273 0.5278 0.4 0.1736 0 -0.9848
7.0711 6 -12.2475 0.5833 0.4 0.5 0 -0.866
2.4557 4 -13.9273 0.5278 0.6 0.1736 0 -0.9848
7.0711 6 -12.2475 0.5833 0.4 0.5 0 -0.866
7.0711 4 -12.2475 0.5833 0.6 0.5 0 -0.866
2.4557 4 -13.9273 0.5278 0.6 0.1736 0 -0.9848
7.0711 6 -12.2475 0.5833 0.4 0.5 0 -0.866
10.8335 6 -9.0904 0.6389 0.4 0.766 0 -0.6428
7.0711 4 -12.2475 0.5833 0.6 0.5 0 -0.866
10.8335 6 -9.0904 0.6389 0.4 0.766 0 -0.6428
10.8335 4 -9.0904 0.6389 0.6 0.766 0 -0.6428
7.0711 4 -12.2475 0.5833 0.6 0.5 0 -0.866
10.8335 6 -9.0904 0.6389 0.4 0.766 0 -0.6428
13.2893 6 -4.8369 0.6944 0.4 0.9397 0 -0.342
10.8335 4 -9.0904 0.6389 0.6 0.766 0 -0.6428
13.2893 6 -4.8369 0.6944 0.4 0.9397 0 -0.342
13.2893 4 -4.8369 0.6944 0.6 0.9397 0 -0.342
10.8335 4 -9.0904 0.6389 0.6 0.766 0 -0.6428
13.2893 6 -4.8369 0.6944 0.4 0.9397 0 -0.342
14.1421 6 0 0.75 0.4 1 0 -0
13.2893 4 -4.8369 0.6944 0.6 0.9397 0 -0.342
14.1421 6 0 0.75 0.4 1 0 -0
14.1421 4 0 0.75 0.6 1 0 -0
13.2893 4 -4.8369 0.6944 0.6 0.9397 0 -0.342
14.1421 8 0 0.75 0.2 1 0 -0
13.2893 8 4.8369 0.8056 0.2 0.9397 0 0.342
14.1421 6 0 0.75 0.4 1 0 -0
13.2893 8 4.8369 0.8056 0.2 0.9397 0 0.342
13.2893 6 4.8369 0.8056 0.4 0.9397 0 0.342
14.1421 6 0 0.75 0.4 1 0 -0
13.2893 8 4.8369 0.8056 0.2 0.9397 0 0.342
10.8335 8 9.0904 0.8611 0.2 0.766 0 0.6428
13.2893 6 4.8369 0.8056 0.4 0.9397 0 0.342
10.8335 8 9.0904 0.8611 0.2 0.766 0 0.6428
10.8335 6 9.0904 0.8611 0.4 0.766 0 0.6428
13.2893 6 4.8369 0.8056 0.4 0.9397 0 0.342
10.8335 8 9.0904 0.8611 0.2 0.766 0 0.6428
7.0711 8 12.2474 0.9167 0.2 0.5 0 0.866
10.8335 6 9.0904 0.8611 0.4 0.766 0 0.6428
7.0711 8 12.2474 0.9167 0.2 0.5 0 0.866
7.0711 6 12.2474 0.9167 0.4 0.5 0 0.866
10.8335 6 9.0904 0.8611 0.4 0.766 0 0.6428
7.0711 8 12.2474 0.9167 0.2 0.5 0 0.866
2.4558 8 13.9273 0.9722 0.2 0.1736 0 0.9848
7.0711 6 12.2474 0.9167 0.4 0.5 0 0.866
2.4558 8 13.9273 0.9722 0.2 0.1736 0 0.9848
2.4558 6 13.9273 0.9722 0.4 0.1736 0 0.9848
7.0711 6 12.2474 0.9167 0.4 0.5 0 0.866
2.4558 8 13.9273 -0.0278 0.2 0.1736 0 0.9848
-2.4558 8 13.9273 0.0278 0.2 -0.1736 0 0.9848
2.4558 6 13.9273 -0.0278 0.4 0.1736 0 0.9848
-2.4558 8 13.9273 0.0278 0.2 -0.1736 0 0.9848
-2.4558 6 13.9273 0.0278 0.4 -0.1736 0 0.9848
2.4558 6 13.9273 -0.0278 0.4 0.1736 0 0.9848
-2.4558 8 13.9273 0.0278 0.2 -0.1736 0 0.9848
-7.0711 8 12.2474 0.0833 0.2 -0.5 0 0.866
-2.4558 6 13.9273 0.0278 0.4 -0.1736 0 0.9848
-7.0711 8 12.2474 0.0833 0.2 -0.5 0 0.866
-7.0711 6 12.2474 0.0833 0.4 -0.5 0 0.866
-2.4558 6 13.9273 0.0278 0.4 -0.1736 0 0.9848
-7.0711 8 12.2474 0.0833 0.2 -0.5 0 0.866
-10.8335 8 9.0904 0.1389 0.2 -0.766 0 0.6428
-7.0711 6 12.2474 0.0833 0.4 -0.5 0 0.866
-10.8335 8 9.0904 0.1389 0.2 -0.766 0 0.6428
-10.8335 6 9.0904 0.1389 0.4 -0.766 0 0.6428
-7.0711 6 12.2474 0.0833 0.4 -0.5 0 0.866
-10.8335 8 9.0904 0.1389 0.2 -0.766 0 0.6428
-13.2893 8 4.8369 0.1944 0.2 -0.9397 0 0.342
-10.8335 6 9.0904 0.1389 0.4 -0.766 0 0.6428
-13.2893 8 4.8369 0.1944 0.2 -0.9397 0 0.342
-13.2893 6 4.8369 0.1944 0.4 -0.9397 0 0.342
-10.8335 6 9.0904 0.1389 0.4 -0.766 0 0.6428
-13.2893 8 4.8369 0.1944 0.2 -0.9397 0 0.342
-14.1421 8 0 0.25 0.2 -1 0 0
-13.2893 6 4.8369 0.1944 0.4 -0.9397 0 0.342
-14.1421 8 0 0.25 0.2 -1 0 0
-14.1421 6 0 0.25 0.4 -1 0 0
-13.2893 6 4.8369 0.1944 0.4 -0.9397 0 0.342
-14.1421 8 0 0.25 0.2 -1 0 0
-13.2893 8 -4.8369 0.3056 0.2 -0.9397 0 -0.342
-14.1421 6 0 0.25 0.4 -1 0 0
-13.2893 8 -4.8369 0.3056 0.2 -0.9397 0 -0.342
-13.2893 6 -4.8369 0.3056 0.4 -0.9397 0 -0.342
-14.1421 6 0 0.25 0.4 -1 0 0
-13.2893 8 -4.8369 0.3056 0.2 -0.9397 0 -0.342
-10.8335 8 -9.0904 0.3611 0.2 -0.766 0 -0.6428
-13.2893 6 -4.8369 0.3056 0.4 -0.9397 0 -0.342
-10.8335 8 -9.0904 0.3611 0.2 -0.766 0 -0.6428
-10.8335 6 -9.0904 0.3611 0.4 -0.766 0 -0.6428
-13.2893 6 -4.8369 0.3056 0.4 -0.9397 0 -0.342
-10.8335 8 -9.0904 0.3611 0.2 -0.766 0 -0.6428
-7.0711 8 -12.2474 0.4167 0.2 -0.5 0 -0.866
-10.8335 6 -9.0904 0.3611 0.4 -0.766 0 -0.6428
-7.0711 8 -12.2474 0.4167 0.2 -0.5 0 -0.866
-7.0711 6 -12.2474 0.4167 0.4 -0.5 0 -0.866
-10.8335 6 -9.0904 0.3611 0.4 -0.766 0 -0.6428
-7.0711 8 -12.2474 0.4167 0.2 -0.5 0 -0.866
-2.4558 8 -13.9273 0.4722 0.2 -0.1736 0 -0.9848
-7.0711 6 -12.2474 0.4167 0.4 -0.5 0 -0.866
-2.4558 8 -13.9273 0.4722 0.2 -0.1736 0 -0.9848
-2.4558 6 -13.9273 0.4722 0.4 -0.1736 0 -0.9848
-7.0711 6 -12.2474 0.4167 0.4 -0.5 0 -0.866
-2.4558 8 -13.9273 0.4722 0.2 -0.1736 0 -0.9848
2.4557 8 -13.9273 0.5278 0.2 0.1736 0 -0.9848
-2.4558 6 -13.9273 0.4722 0.4 -0.1736 0 -0.9848
2.4557 8 -13.9273 0.5278 0.2 0.1736 0 -0.9848
2.4557 6 -13.9273 0.5278 0.4 0.1736 0 -0.9848
-2.4558 6 -13.9273 0.4722 0.4 -0.1736 0 -0.9848
2.4557 8 -13.9273 0.5278 0.2 0.1736 0 -0.9848
7.0711 8 -12.2475 0.5833 0.2 0.5 0 -0.866
2.4557 6 -13.9273 0.5278 0.4 0.1736 0 -0.9848
7.0711 8 -12.2475 0.5833 0.2 0.5 0 -0.866
7.0711 6 -12.2475 0.5833 0.4 0.5 0 -0.866
2.4557 6 -13.9273 0.5278 0.4 0.1736 0 -0.9848
7.0711 8 -12.2475 0.5833 0.2 0.5 0 -0.866
10.8335 8 -9.0904 0.6389 0.2 0.766 0 -0.6428
7.0711 6 -12.2475 0.5833 0.4 0.5 0 -0.866
10.8335 8 -9.0904 0.6389 0.2 0.766 0 -0.6428
10.8335 6 -9.0904 0.6389 0.4 0.766 0 -0.6428
7.0711 6 -12.2475 0.5833 0.4 0.5 0 -0.866
10.8335 8 -9.0904 0.6389 0.2 0.766 0 -0.6428
13.2893 8 -4.8369 0.6944 0.2 0.9397 0 -0.342
10.8335 6 -9.0904 0.6389 0.4 0.766 0 -0.6428
13.2893 8 -4.8369 0.6944 0.2 0.9397 0 -0.342
13.2893 6 -4.8369 0.6944 0.4 0.9397 0 -0.342
10.8335 6 -9.0904 0.6389 0.4 0.766 0 -0.6428
13.2893 8 -4.8369 0.6944 0.2 0.9397 0 -0.342
14.1421 8 0 0.75 0.2 1 0 -0
13.2893 6 -4.8369 0.6944 0.4 0.9397 0 -0.342
14.1421 8 0 0.75 0.2 1 0 -0
14.1421 6 0 0.75 0.4 1 0 -0
13.2893 6 -4.8369 0.6944 0.4 0.9397 0 -0.342
14.1421 10 0 0.75 0 1 0 -0
13.2893 10 4.8369 0.8056 0 0.9397 0 0.342
14.1421 8 0 0.75 0.2 1 0 -0
13.2893 10 4.8369 0.8056 0 0.9397 0 0.342
13.2893 8 4.8369 0.8056 0.2 0.9397 0 0.342
14.1421 8 0 0.75 0.2 1 0 -0
13.2893 10 4.8369 0.8056 0 0.9397 0 0.342
10.8335 10 9.0904 0.8611 0 0.766 0 0.6428
13.2893 8 4.8369 0.8056 0.2 0.9397 0 0.342
10.8335 10 9.0904 0.8611 0 0.766 0 0.6428
10.8335 8 9.0904 0.8611 0.2 0.766 0 0.6428
13.2893 8 4.8369 0.8056 0.2 0.9397 0 0.342
10.8335 10 9.0904 0.8611 0 0.766 0 0.6428
7.0711 10 12.2474 0.9167 0 0.5 0 0.866
10.8335 8 9.0904 0.8611 0.2 0.766 0 0.6428
7.0711 10 12.2474 0.9167 0 0.5 0 0.866
7.0711 8 12.2474 0.9167 0.2 0.5 0 0.866
10.8335 8 9.0904 0.8611 0.2 0.766 0 0.6428
7.0711 10 12.2474 0.9167 0 0.5 0 0.866
2.4558 10 13.9273 0.9722 0 0.1736 0 0.9848
7.0711 8 12.2474 0.9167 0.2 0.5 0 0.866
2.4558 10 13.9273 0.9722 0 0.1736 0 0.9848
2.4558 8 13.9273 0.9722 0.2 0.1736 0 0.9848
7.0711 8 12.2474 0.9167 0.2 0.5 0 0.866
2.4558 10 13.9273 -0.0278 0 0.1736 0 0.9848
-2.4558 10 13.9273 0.0278 0 -0.1736 0 0.9848
2.4558 8 13.9273 -0.0278 0.2 0.1736 0 0.9848
-2.4558 10 13.9273 0.0278 0 -0.1736 0 0.9848
-2.4558 8 13.9273 0.0278 0.2 -0.1736 0 0.9848
2.4558 8 13.9273 -0.0278 0.2 0.1736 0 0.9848
-2.4558 10 13.9273 0.0278 0 -0.1736 0 0.9848
-7.0711 10 12.2474 0.0833 0 -0.5 0 0.866
-2.4558 8 13.9273 0.0278 0.2 -0.1736 0 0.9848
-7.0711 10 12.2474 0.0833 0 -0.5 0 0.866
-7.0711 8 12.2474 0.0833 0.2 -0.5 0 0.866
-2.4558 8 13.9273 0.0278 0.2 -0.1736 0 0.9848
-7.0711 10 12.2474 0.0833 0 -0.5 0 0.866
-10.8335 10 9.0904 0.1389 0 -0.766 0 0.6428
-7.0711 8 12.2474 0.0833 0.2 -0.5 0 0.866
-10.8335 10 9.0904 0.1389 0 -0.766 0 0.6428
-10.8335 8 9.0904 0.1389 0.2 -0.766 0 0.6428
-7.0711 8 12.2474 0.0833 0.2 -0.5 0 0.866
-10.8335 10 9.0904 0.1389 0 -0.766 0 0.6428
-13.2893 10 4.8369 0.1944 0 -0.9397 0 0.342
-10.8335 8 9.0904 0.1389 0.2 -0.766 0 0.6428
-13.2893 10 4.8369 0.1944 0 -0.9397 0 0.342
-13.2893 8 4.8369 0.1944 0.2 -0.9397 0 0.342
-10.8335 8 9.0904 0.1389 0.2 -0.766 0 0.6428
-13.2893 10 4.8369 0.1944 0 -0.9397 0 0.342
-14.1421 10 0 0.25 0 -1 0 -0
-13.2893 8 4.8369 0.1944 0.2 -0.9397 0 0.342
-14.1421 10 0 0.25 0 -1 0 -0
-14.1421 8 0 0.25 0.2 -1 0 0
-13.2893 8 4.8369 0.1944 0.2 -0.9397 0 0.342
-14.1421 10 0 0.25 0 -1 0 -0
-13.2893 10 -4.8369 0.3056 0 -0.9397 0 -0.342
-14.1421 8 0 0.25 0.2 -1 0 0
-13.2893 10 -4.8369 0.3056 0 -0.9397 0 -0.342
-13.2893 8 -4.8369 0.3056 0.2 -0.9397 0 -0.342
-14.1421 8 0 0.25 0.2 -1 0 0
-13.2893 10 -4.8369 0.3056 0 -0.9397 0 -0.342
-10.8335 10 -9.0904 0.3611 0 -0.766 0 -0.6428
-13.2893 8 -4.8369 0.3056 0.2 -0.9397 0 -0.342
-10.8335 10 -9.0904 0.3611 0 -0.766 0 -0.6428
-10.8335 8 -9.0904 0.3611 0.2 -0.766 0 -0.6428
-13.2893 8 -4.8369 0.3056 0.2 -0.9397 0 -0.342
-10.8335 10 -9.0904 0.3611 0 -0.766 0 -0.6428
-7.0711 10 -12.2474 0.4167 0 -0.5 0 -0.866
-10.8335 8 -9.0904 0.3611 0.2 -0.766 0 -0.6428
-7.0711 10 -12.2474 0.4167 0 -0.5 0 -0.866
-7.0711 8 -12.2474 0.4167 0.2 -0.5 0 -0.866
-10.8335 8 -9.0904 0.3611 0.2 -0.766 0 -0.6428
-7.0711 10 -12.2474 0.4167 0 -0.5 0 -0.866
-2.4558 10 -13.9273 0.4722 0 -0.1736 0 -0.9848
-7.0711 8 -12.2474 0.4167 0.2 -0.5 0 -0.866
-2.4558 10 -13.9273 0.4722 0 -0.1736 0 -0.9848
-2.4558 8 -13.9273 0.4722 0.2 -0.1736 0 -0.9848
-7.0711 8 -12.2474 0.4167 0.2 -0.5 0 -0.866
-2.4558 10 -13.9273 0.4722 0 -0.1736 0 -0.9848
2.4557 10 -13.9273 0.5278 0 0.1736 0 -0.9848
-2.4558 8 -13.9273 0.4722 0.2 -0.1736 0 -0.9848
2.4557 10 -13.9273 0.5278 0 0.1736 0 -0.9848
2.4557 8 -13.9273 0.5278 0.2 0.1736 0 -0.9848
-2.4558 8 -13.9273 0.4722 0.2 -0.1736 0 -0.9848
2.4557 10 -13.9273 0.5278 0 0.1736 0 -0.9848
7.0711 10 -12.2475 0.5833 0 0.5 0 -0.866
2.4557 8 -13.9273 0.5278 0.2 0.1736 0 -0.9848
7.0711 10 -12.2475 0.5833 0 0.5 0 -0.866
7.0711 8 -12.2475 0.5833 0.2 0.5 0 -0.866
2.4557 8 -13.9273 0.5278 0.2 0.1736 0 -0.9848
7.0711 10 -12.2475 0.5833 0 0.5 0 -0.866
10.8335 10 -9.0904 0.6389 0 0.766 0 -0.6428
7.0711 8 -12.2475 0.5833 0.2 0.5 0 -0.866
10.8335 10 -9.0904 0.6389 0 0.766 0 -0.6428
10.8335 8 -9.0904 0.6389 0.2 0.766 0 -0.6428
7.0711 8 -12.2475 0.5833 0.2 0.5 0 -0.866
10.8335 10 -9.0904 0.6389 0 0.766 0 -0.6428
13.2893 10 -4.8369 0.6944 0 0.9397 0 -0.342
10.8335 8 -9.0904 0.6389 0.2 0.766 0 -0.6428
13.2893 10 -4.8369 0.6944 0 0.9397 0 -0.342
13.2893 8 -4.8369 0.6944 0.2 0.9397 0 -0.342
10.8335 8 -9.0904 0.6389 0.2 0.766 0 -0.6428
13.2893 10 -4.8369 0.6944 0 0.9397 0 -0.342
14.1421 10 0 0.75 0 1 0 -0
13.2893 8 -4.8369 0.6944 0.2 0.9397 0 -0.342
14.1421 10 0 0.75 0 1 0 -0
14.1421 8 0 0.75 0.2 1 0 -0
13.2893 8 -4.8369 0.6944 0.2 0.9397 0 -0.342
13.2893 10 4.8369 0.8056 0 0 1 0
14.1421 10 0 0.75 0 0 1 0
0 10 0 0.5 0 0 1 0
10.8335 10 9.0904 0.8611 0 0 1 0
13.2893 10 4.8369 0.8056 0 0 1 0
0 10 0 0.5 0 0 1 0
7.0711 10 12.2474 0.9167 0 0 1 0
10.8335 10 9.0904 0.8611 0 0 1 0
0 10 0 0.5 0 0 1 0
2.4558 10 13.9273 0.9722 0 0 1 0
7.0711 10 12.2474 0.9167 0 0 1 0
0 10 0 0.5 0 0 1 0
-2.4558 10 13.9273 0.0278 0 0 1 0
2.4558 10 13.9273 -0.0278 0 0 1 0
0 10 0 0.5 0 0 1 0
-7.0711 10 12.2474 0.0833 0 0 1 0
-2.4558 10 13.9273 0.0278 0 0 1 0
0 10 0 0.5 0 0 1 0
-10.8335 10 9.0904 0.1389 0 0 1 0
-7.0711 10 12.2474 0.0833 0 0 1 0
0 10 0 0.5 0 0 1 0
-13.2893 10 4.8369 0.1944 0 0 1 0
-10.8335 10 9.0904 0.1389 0 0 1 0
0 10 0 0.5 0 0 1 0
-14.1421 10 0 0.25 0 0 1 0
-13.2893 10 4.8369 0.1944 0 0 1 0
0 10 0 0.5 0 0 1 0
-13.2893 10 -4.8369 0.3056 0 0 1 0
-14.1421 10 0 0.25 0 0 1 0
0 10 0 0.5 0 0 1 0
-10.8335 10 -9.0904 0.3611 0 0 1 0
-13.2893 10 -4.8369 0.3056 0 0 1 0
0 10 0 0.5 0 0 1 0
-7.0711 10 -12.2474 0.4167 0 0 1 0
-10.8335 10 -9.0904 0.3611 0 0 1 0
0 10 0 0.5 0 0 1 0
-2.4558 10 -13.9273 0.4722 0 0 1 0
-7.0711 10 -12.2474 0.4167 0 0 1 0
0 10 0 0.5 0 0 1 0
2.4557 10 -13.9273 0.5278 0 0 1 0
-2.4558 10 -13.9273 0.4722 0 0 1 0
0 10 0 0.5 0 0 1 0
7.0711 10 -12.2475 0.5833 0 0 1 0
2.4557 10 -13.9273 0.5278 0 0 1 0
0 10 0 0.5 0 0 1 0
10.8335 10 -9.0904 0.6389 0 0 1 0
7.0711 10 -12.2475 0.5833 0 0 1 0
0 10 0 0.5 0 0 1 0
13.2893 10 -4.8369 0.6944 0 0 1 0
10.8335 10 -9.0904 0.6389 0 0 1 0
0 10 0 0.5 0 0 1 0
14.1421 10 0 0.75 0 0 1 0
13.2893 10 -4.8369 0.6944 0 0 1 0
0 10 0 0.5 0 0 1 0
