Vertex Count: 423

Data:

-1.33936 -0.224422 -3.16803 0.42504 0.748256 0.3478 -0.5294 0.7738
-1.66979 -2.11233 -3.96577 0.372199 0.924928 0.2448 -0.4151 0.8762
-0.014037 -0.224422 -3.43165 0.52565 0.758147 -0.0087 -0.553 0.8331
0.90037 -2.53848 4.62861 0.552492 0.002442 -0.1443 -0.6265 -0.7659
-1.80771 -2.53848 4.36188 0.264698 0.056141 0.3243 -0.5896 -0.7396
-0.858131 -2.11233 4.27514 0.373252 0.07512 0.1198 -0.4388 -0.8905
1.37434 1.13489 -1.3568 0.593812 0.577677 -0.3628 -0.8813 0.3026
1.27158 0.92475 -1.89249 0.593174 0.614183 -0.3702 -0.7967 0.4777
2.86553 -0.224422 -1.89249 0.728397 0.622596 -0.6756 -0.583 0.4513
4.31266 -2.11233 0.031579 0.940373 0.457228 -0.8994 -0.4339 -0.0523
3.98331 -2.11233 1.68733 0.890506 0.292574 -0.781 -0.5341 -0.3235
3.38265 -0.224422 0.707221 0.74799 0.425871 -0.8168 -0.5496 -0.1751
4.31266 -2.11233 0.031579 0.940373 0.457228 -0.8994 -0.4339 -0.0523
4.22953 -2.11233 -0.812518 0.940354 0.543794 -0.8257 -0.5397 0.1642
4.58299 -2.53848 -0.882828 0.998649 0.549524 -0.7924 -0.5929 0.1432
-1.9381 0.92475 1.3172 0.371079 0.430696 0.4901 -0.7995 -0.3472
-2.8936 -0.224422 1.95564 0.272037 0.377676 0.7091 -0.5625 -0.4251
-3.41072 -0.224422 0.707222 0.242427 0.47449 0.8154 -0.553 -0.1711
2.9312 0.406756 0.031579 0.699823 0.481328 -0.6777 -0.7349 -0.0232
3.18557 -0.224422 -1.29374 0.747796 0.575812 -0.7544 -0.574 0.3182
3.38265 -0.224422 -0.644064 0.757714 0.526159 -0.8143 -0.5535 0.1746
1.77964 -2.53848 -4.29873 0.737463 0.942001 -0.3055 -0.6265 0.717
3.88314 -2.53848 -2.57243 0.941968 0.735872 -0.6616 -0.5929 0.459
3.0454 -2.11233 -3.02786 0.842696 0.780744 -0.5943 -0.4388 0.6739
3.58348 -2.11233 -2.37221 0.890601 0.708653 -0.7 -0.5397 0.4677
3.88314 -2.53848 -2.57243 0.941968 0.735872 -0.6616 -0.5929 0.459
3.98331 -2.11233 -1.62418 0.923669 0.628713 -0.8001 -0.5 0.3314
3.0454 -2.11233 -3.02786 0.842696 0.780744 -0.5943 -0.4388 0.6739
3.58348 -2.11233 -2.37221 0.890601 0.708653 -0.7 -0.5397 0.4677
2.86553 -0.224422 -1.89249 0.728397 0.622596 -0.6756 -0.583 0.4513
-3.91121 -2.53848 -2.57243 0.112321 0.819563 0.7186 -0.5065 0.4764
-2.46291 0.406756 -1.6047 0.345025 0.627467 0.6015 -0.6929 0.3975
-3.41072 -0.224422 -0.644062 0.252159 0.575345 0.8293 -0.5291 0.1798
-1.14113 0.406756 -2.68946 0.441858 0.692368 0.2597 -0.7027 0.6624
-0.014037 -0.224422 -3.43165 0.52565 0.758147 -0.0087 -0.553 0.8331
-0.014036 0.92475 -2.28248 0.514376 0.646618 -0.0258 -0.8197 0.5721
1.27158 0.92475 -1.89249 0.593174 0.614183 -0.3702 -0.7967 0.4777
1.31128 -0.224422 -3.16803 0.622277 0.728763 -0.3153 -0.5573 0.768
2.43484 -0.224422 -2.41729 0.70025 0.664721 -0.5582 -0.5683 0.6045
-3.61155 -2.11233 2.43536 0.109018 0.290538 0.7215 -0.5412 -0.4318
-3.91121 -2.53848 2.63559 0.057225 0.262871 0.6629 -0.6109 -0.4329
-4.61106 -2.53848 0.945985 0.0001 0.45091 0.7489 -0.6457 -0.149
-1.9381 0.92475 1.3172 0.371079 0.430696 0.4901 -0.7995 -0.3472
-2.46291 -0.224422 2.48045 0.300421 0.335392 0.5453 -0.5732 -0.6116
-2.8936 -0.224422 1.95564 0.272037 0.377676 0.7091 -0.5625 -0.4251
-0.689676 -0.224422 3.42826 0.426096 0.252345 0.1213 -0.5625 -0.8178
-0.858131 -2.11233 4.27514 0.373252 0.07512 0.1198 -0.4388 -0.8905
-1.33935 -0.224422 3.23118 0.37901 0.271533 0.3563 -0.5735 -0.7377
-0.858131 -2.11233 4.27514 0.373252 0.07512 0.1198 -0.4388 -0.8905
0.830061 -2.11233 4.27514 0.545963 0.060155 -0.1513 -0.5398 -0.828
0.90037 -2.53848 4.62861 0.552492 0.002442 -0.1443 -0.6265 -0.7659
3.88314 -2.53848 -2.57243 0.941968 0.735872 -0.6616 -0.5929 0.459
3.58348 -2.11233 -2.37221 0.890601 0.708653 -0.7 -0.5397 0.4677
3.0454 -2.11233 -3.02786 0.842696 0.780744 -0.5943 -0.4388 0.6739
-1.66979 -2.11233 -3.96577 0.372199 0.924928 0.2448 -0.4151 0.8762
-0.014036 -2.11233 -4.29512 0.544461 0.94138 0 -0.5436 0.8393
-0.014037 -0.224422 -3.43165 0.52565 0.758147 -0.0087 -0.553 0.8331
-2.61804 -2.53848 -3.86559 0.264333 0.94361 0.4814 -0.4824 0.7317
-0.014036 -2.53848 -4.65551 0.550464 0.999545 0.0079 -0.6265 0.7793
-1.66979 -2.11233 -3.96577 0.372199 0.924928 0.2448 -0.4151 0.8762
3.98331 -2.11233 1.68733 0.890506 0.292574 -0.781 -0.5341 -0.3235
4.31627 -2.53848 1.82525 0.941563 0.265426 -0.7348 -0.6061 -0.3044
3.0454 -2.11233 3.09102 0.781622 0.159429 -0.7016 -0.4223 -0.5739
1.27158 0.92475 -1.89249 0.593174 0.614183 -0.3702 -0.7967 0.4777
0.871515 0.92475 -2.10633 0.569218 0.63011 -0.1856 -0.8209 0.5401
1.31128 -0.224422 -3.16803 0.622277 0.728763 -0.3153 -0.5573 0.768
3.98331 -2.11233 1.68733 0.890506 0.292574 -0.781 -0.5341 -0.3235
3.18557 -0.224422 1.3569 0.728731 0.379068 -0.7531 -0.5793 -0.3117
3.38265 -0.224422 0.707221 0.74799 0.425871 -0.8168 -0.5496 -0.1751
3.98331 -2.11233 -1.62418 0.923669 0.628713 -0.8001 -0.5 0.3314
3.88314 -2.53848 -2.57243 0.941968 0.735872 -0.6616 -0.5929 0.459
4.58299 -2.53848 -0.882828 0.998649 0.549524 -0.7924 -0.5929 0.1432
3.18557 -0.224422 -1.29374 0.747796 0.575812 -0.7544 -0.574 0.3182
2.25556 0.92475 -0.419871 0.646376 0.515327 -0.5243 -0.8433 0.1181
2.86553 -0.224422 -1.89249 0.728397 0.622596 -0.6756 -0.583 0.4513
-0.465485 0.92475 2.30117 0.458382 0.359775 0.1566 -0.7846 -0.5999
0.437414 0.92475 2.30117 0.515428 0.35431 -0.1394 -0.816 -0.5609
-0.689676 -0.224422 3.42826 0.426096 0.252345 0.1213 -0.5625 -0.8178
1.91003 -0.224422 2.91115 0.623115 0.272648 -0.4158 -0.5617 -0.7152
0.437414 0.92475 2.30117 0.515428 0.35431 -0.1394 -0.816 -0.5609
2.06856 0.406756 2.11418 0.628088 0.345969 -0.487 -0.7293 -0.4805
-3.41072 -0.224422 0.707222 0.242427 0.47449 0.8154 -0.553 -0.1711
-2.28363 0.92475 0.483029 0.354215 0.48554 0.5675 -0.8133 -0.1277
-1.9381 0.92475 1.3172 0.371079 0.430696 0.4901 -0.7995 -0.3472
4.31627 -2.53848 1.82525 0.941563 0.265426 -0.7348 -0.6061 -0.3044
2.58997 -2.53848 3.92875 0.737498 0.060141 -0.491 -0.4777 -0.7284
3.0454 -2.11233 3.09102 0.781622 0.159429 -0.7016 -0.4223 -0.5739
2.25556 0.92475 -0.419871 0.646376 0.515327 -0.5243 -0.8433 0.1181
3.18557 -0.224422 -1.29374 0.747796 0.575812 -0.7544 -0.574 0.3182
2.9312 0.406756 0.031579 0.699823 0.481328 -0.6777 -0.7349 -0.0232
1.91003 -0.224422 2.91115 0.623115 0.272648 -0.4158 -0.5617 -0.7152
2.06856 0.406756 2.11418 0.628088 0.345969 -0.487 -0.7293 -0.4805
2.43484 -0.224422 2.48045 0.665083 0.300975 -0.6014 -0.526 -0.6014
-1.80771 -2.53848 4.36188 0.264698 0.056141 0.3243 -0.5896 -0.7396
-1.66979 -2.11233 4.02892 0.292296 0.108139 0.36 -0.5412 -0.7599
-0.858131 -2.11233 4.27514 0.373252 0.07512 0.1198 -0.4388 -0.8905
-4.2576 -2.11233 0.875676 0.058512 0.456607 0.8232 -0.5436 -0.1637
-3.61155 -2.11233 2.43536 0.109018 0.290538 0.7215 -0.5412 -0.4318
-4.61106 -2.53848 0.945985 0.0001 0.45091 0.7489 -0.6457 -0.149
1.91003 -0.224422 2.91115 0.623115 0.272648 -0.4158 -0.5617 -0.7152
2.58997 -2.53848 3.92875 0.737498 0.060141 -0.491 -0.4777 -0.7284
0.830061 -2.11233 4.27514 0.545963 0.060155 -0.1513 -0.5398 -0.828
-3.07347 -2.11233 3.09101 0.1576 0.218047 0.5943 -0.4388 -0.6739
-2.46291 -0.224422 2.48045 0.300421 0.335392 0.5453 -0.5732 -0.6116
-1.66979 -2.11233 4.02892 0.292296 0.108139 0.36 -0.5412 -0.7599
-2.90268 0.406756 -0.543007 0.308252 0.558294 0.7004 -0.7027 0.1254
-2.28363 0.92475 -0.419871 0.359666 0.542651 0.5085 -0.849 0.1437
-2.28363 0.92475 0.483029 0.354215 0.48554 0.5675 -0.8133 -0.1277
2.86553 -0.224422 -1.89249 0.728397 0.622596 -0.6756 -0.583 0.4513
2.25556 0.92475 -0.419871 0.646376 0.515327 -0.5243 -0.8433 0.1181
1.37434 1.13489 -1.3568 0.593812 0.577677 -0.3628 -0.8813 0.3026
0.437414 0.92475 2.30117 0.515428 0.35431 -0.1394 -0.816 -0.5609
0.661607 -0.224422 3.42826 0.526737 0.242749 -0.1616 -0.5604 -0.8123
-0.689676 -0.224422 3.42826 0.426096 0.252345 0.1213 -0.5625 -0.8178
0.437414 0.92475 2.30117 0.515428 0.35431 -0.1394 -0.816 -0.5609
0.560553 1.54668 0.606167 0.530884 0.463719 -0.1536 -0.9805 -0.1225
1.61852 1.13489 1.12242 0.594437 0.423964 -0.4074 -0.885 -0.2252
-3.91121 -2.53848 -2.57243 0.112321 0.819563 0.7186 -0.5065 0.4764
-3.41072 -0.224422 -0.644062 0.252159 0.575345 0.8293 -0.5291 0.1798
-4.2576 -2.11233 -0.812517 0.07554 0.629328 0.8344 -0.5322 0.1433
1.31128 -0.224422 -3.16803 0.622277 0.728763 -0.3153 -0.5573 0.768
1.64172 -2.11233 -3.96577 0.709684 0.890648 -0.3212 -0.5436 0.7754
2.43484 -0.224422 -2.41729 0.70025 0.664721 -0.5582 -0.5683 0.6045
1.64172 -2.11233 -3.96577 0.709684 0.890648 -0.3212 -0.5436 0.7754
-0.014036 -2.11233 -4.29512 0.544461 0.94138 0 -0.5436 0.8393
1.77964 -2.53848 -4.29873 0.737463 0.942001 -0.3055 -0.6265 0.717
-4.2576 -2.11233 -0.812517 0.07554 0.629328 0.8344 -0.5322 0.1433
-4.61106 -2.53848 -0.882826 0.01942 0.646477 0.7489 -0.6457 0.149
-3.91121 -2.53848 -2.57243 0.112321 0.819563 0.7186 -0.5065 0.4764
1.91003 -0.224422 2.91115 0.623115 0.272648 -0.4158 -0.5617 -0.7152
3.0454 -2.11233 3.09102 0.781622 0.159429 -0.7016 -0.4223 -0.5739
2.58997 -2.53848 3.92875 0.737498 0.060141 -0.491 -0.4777 -0.7284
0.437416 1.54668 -0.644066 0.5305 0.537493 -0.1224 -0.9817 0.146
-0.476736 1.44736 -1.08548 0.479244 0.56916 0.1262 -0.9593 0.2525
0.871515 0.92475 -2.10633 0.569218 0.63011 -0.1856 -0.8209 0.5401
4.31266 -2.11233 0.031579 0.940373 0.457228 -0.8994 -0.4339 -0.0523
4.58299 -2.53848 -0.882828 0.998649 0.549524 -0.7924 -0.5929 0.1432
4.31627 -2.53848 1.82525 0.941563 0.265426 -0.7348 -0.6061 -0.3044
-0.014037 -0.224422 -3.43165 0.52565 0.758147 -0.0087 -0.553 0.8331
-0.014036 -2.11233 -4.29512 0.544461 0.94138 0 -0.5436 0.8393
1.31128 -0.224422 -3.16803 0.622277 0.728763 -0.3153 -0.5573 0.768
1.61852 1.13489 1.12242 0.594437 0.423964 -0.4074 -0.885 -0.2252
2.9312 0.406756 0.031579 0.699823 0.481328 -0.6777 -0.7349 -0.0232
3.18557 -0.224422 1.3569 0.728731 0.379068 -0.7531 -0.5793 -0.3117
2.06856 0.406756 2.11418 0.628088 0.345969 -0.487 -0.7293 -0.4805
2.86554 -0.224422 1.95565 0.70074 0.336904 -0.7014 -0.5496 -0.4537
2.43484 -0.224422 2.48045 0.665083 0.300975 -0.6014 -0.526 -0.6014
-3.41072 -0.224422 0.707222 0.242427 0.47449 0.8154 -0.553 -0.1711
-4.2576 -2.11233 0.875676 0.058512 0.456607 0.8232 -0.5436 -0.1637
-3.41072 -0.224422 -0.644062 0.252159 0.575345 0.8293 -0.5291 0.1798
4.58299 -2.53848 -0.882828 0.998649 0.549524 -0.7924 -0.5929 0.1432
4.22953 -2.11233 -0.812518 0.940354 0.543794 -0.8257 -0.5397 0.1642
3.98331 -2.11233 -1.62418 0.923669 0.628713 -0.8001 -0.5 0.3314
-2.09663 0.406756 -2.05101 0.372814 0.655347 0.5114 -0.6845 0.5195
-3.91121 -2.53848 -2.57243 0.112321 0.819563 0.7186 -0.5065 0.4764
-1.33936 -0.224422 -3.16803 0.42504 0.748256 0.3478 -0.5294 0.7738
-4.61106 -2.53848 -0.882826 0.01942 0.646477 0.7489 -0.6457 0.149
-4.2576 -2.11233 -0.812517 0.07554 0.629328 0.8344 -0.5322 0.1433
-4.61106 -2.53848 0.945985 0.0001 0.45091 0.7489 -0.6457 -0.149
-3.41072 -0.224422 -0.644062 0.252159 0.575345 0.8293 -0.5291 0.1798
-2.46291 0.406756 -1.6047 0.345025 0.627467 0.6015 -0.6929 0.3975
-2.90268 0.406756 -0.543007 0.308252 0.558294 0.7004 -0.7027 0.1254
3.0454 -2.11233 3.09102 0.781622 0.159429 -0.7016 -0.4223 -0.5739
1.91003 -0.224422 2.91115 0.623115 0.272648 -0.4158 -0.5617 -0.7152
2.43484 -0.224422 2.48045 0.665083 0.300975 -0.6014 -0.526 -0.6014
-3.41072 -0.224422 0.707222 0.242427 0.47449 0.8154 -0.553 -0.1711
-3.41072 -0.224422 -0.644062 0.252159 0.575345 0.8293 -0.5291 0.1798
-2.90268 0.406756 -0.543007 0.308252 0.558294 0.7004 -0.7027 0.1254
4.31627 -2.53848 1.82525 0.941563 0.265426 -0.7348 -0.6061 -0.3044
3.98331 -2.11233 1.68733 0.890506 0.292574 -0.781 -0.5341 -0.3235
4.31266 -2.11233 0.031579 0.940373 0.457228 -0.8994 -0.4339 -0.0523
-1.01936 1.44736 0.703315 0.437179 0.466263 0.2213 -0.9648 -0.1422
-0.249918 1.44736 1.21744 0.4799 0.431602 0.0297 -0.9615 -0.2731
-1.40241 1.13489 1.41995 0.406963 0.423091 0.3365 -0.8596 -0.3845
-1.40241 1.13489 1.41995 0.406963 0.423091 0.3365 -0.8596 -0.3845
-0.465485 0.92475 2.30117 0.458382 0.359775 0.1566 -0.7846 -0.5999
-1.33935 -0.224422 3.23118 0.37901 0.271533 0.3563 -0.5735 -0.7377
-3.91121 -2.53848 2.63559 0.057225 0.262871 0.6629 -0.6109 -0.4329
-3.07347 -2.11233 3.09101 0.1576 0.218047 0.5943 -0.4388 -0.6739
-1.80771 -2.53848 4.36188 0.264698 0.056141 0.3243 -0.5896 -0.7396
0.437414 0.92475 2.30117 0.515428 0.35431 -0.1394 -0.816 -0.5609
1.62225 0.92475 1.66786 0.593993 0.387367 -0.3875 -0.83 -0.4012
2.06856 0.406756 2.11418 0.628088 0.345969 -0.487 -0.7293 -0.4805
0.830061 -2.11233 4.27514 0.545963 0.060155 -0.1513 -0.5398 -0.828
0.661607 -0.224422 3.42826 0.526737 0.242749 -0.1616 -0.5604 -0.8123
1.91003 -0.224422 2.91115 0.623115 0.272648 -0.4158 -0.5617 -0.7152
3.98331 -2.11233 -1.62418 0.923669 0.628713 -0.8001 -0.5 0.3314
3.18557 -0.224422 -1.29374 0.747796 0.575812 -0.7544 -0.574 0.3182
2.86553 -0.224422 -1.89249 0.728397 0.622596 -0.6756 -0.583 0.4513
-2.46291 -0.224422 2.48045 0.300421 0.335392 0.5453 -0.5732 -0.6116
-3.07347 -2.11233 3.09101 0.1576 0.218047 0.5943 -0.4388 -0.6739
-2.8936 -0.224422 1.95564 0.272037 0.377676 0.7091 -0.5625 -0.4251
-0.014036 -2.53848 -4.65551 0.550464 0.999545 0.0079 -0.6265 0.7793
-0.014036 -2.11233 -4.29512 0.544461 0.94138 0 -0.5436 0.8393
-1.66979 -2.11233 -3.96577 0.372199 0.924928 0.2448 -0.4151 0.8762
3.38265 -0.224422 0.707221 0.74799 0.425871 -0.8168 -0.5496 -0.1751
3.44919 -0.224422 0.031578 0.757778 0.475532 -0.8505 -0.526 -0
4.31266 -2.11233 0.031579 0.940373 0.457228 -0.8994 -0.4339 -0.0523
-1.14113 0.406756 -2.68946 0.441858 0.692368 0.2597 -0.7027 0.6624
-0.014036 0.92475 -2.28248 0.514376 0.646618 -0.0258 -0.8197 0.5721
-0.899587 0.92475 -2.10633 0.457367 0.640887 0.247 -0.8216 0.5136
-2.28363 0.92475 -0.419871 0.359666 0.542651 0.5085 -0.849 0.1437
-2.46291 0.406756 -1.6047 0.345025 0.627467 0.6015 -0.6929 0.3975
-0.765419 1.13489 -1.78242 0.464792 0.616397 0.2166 -0.8962 0.3872
-0.014037 -0.224422 -3.43165 0.52565 0.758147 -0.0087 -0.553 0.8331
-1.14113 0.406756 -2.68946 0.441858 0.692368 0.2597 -0.7027 0.6624
-1.33936 -0.224422 -3.16803 0.42504 0.748256 0.3478 -0.5294 0.7738
0.560553 1.54668 0.606167 0.530884 0.463719 -0.1536 -0.9805 -0.1225
0.437416 1.54668 -0.644066 0.5305 0.537493 -0.1224 -0.9817 0.146
2.25556 0.92475 -0.419871 0.646376 0.515327 -0.5243 -0.8433 0.1181
2.86553 -0.224422 -1.89249 0.728397 0.622596 -0.6756 -0.583 0.4513
3.58348 -2.11233 -2.37221 0.890601 0.708653 -0.7 -0.5397 0.4677
3.98331 -2.11233 -1.62418 0.923669 0.628713 -0.8001 -0.5 0.3314
3.98331 -2.11233 -1.62418 0.923669 0.628713 -0.8001 -0.5 0.3314
4.22953 -2.11233 -0.812518 0.940354 0.543794 -0.8257 -0.5397 0.1642
3.38265 -0.224422 -0.644064 0.757714 0.526159 -0.8143 -0.5535 0.1746
3.0454 -2.11233 -3.02786 0.842696 0.780744 -0.5943 -0.4388 0.6739
1.64172 -2.11233 -3.96577 0.709684 0.890648 -0.3212 -0.5436 0.7754
1.77964 -2.53848 -4.29873 0.737463 0.942001 -0.3055 -0.6265 0.717
3.38265 -0.224422 -0.644064 0.757714 0.526159 -0.8143 -0.5535 0.1746
3.44919 -0.224422 0.031578 0.757778 0.475532 -0.8505 -0.526 -0
2.9312 0.406756 0.031579 0.699823 0.481328 -0.6777 -0.7349 -0.0232
0.437416 1.54668 -0.644066 0.5305 0.537493 -0.1224 -0.9817 0.146
0.560553 1.54668 0.606167 0.530884 0.463719 -0.1536 -0.9805 -0.1225
-1.22313 1.44736 0.031579 0.428834 0.507174 0.274 -0.9609 0.0393
-0.858131 -2.11233 4.27514 0.373252 0.07512 0.1198 -0.4388 -0.8905
-1.66979 -2.11233 4.02892 0.292296 0.108139 0.36 -0.5412 -0.7599
-1.33935 -0.224422 3.23118 0.37901 0.271533 0.3563 -0.5735 -0.7377
3.0454 -2.11233 3.09102 0.781622 0.159429 -0.7016 -0.4223 -0.5739
2.86554 -0.224422 1.95565 0.70074 0.336904 -0.7014 -0.5496 -0.4537
3.98331 -2.11233 1.68733 0.890506 0.292574 -0.781 -0.5341 -0.3235
-2.28363 0.92475 0.483029 0.354215 0.48554 0.5675 -0.8133 -0.1277
-1.01936 1.44736 0.703315 0.437179 0.466263 0.2213 -0.9648 -0.1422
-1.9381 0.92475 1.3172 0.371079 0.430696 0.4901 -0.7995 -0.3472
2.86553 -0.224422 -1.89249 0.728397 0.622596 -0.6756 -0.583 0.4513
2.43484 -0.224422 -2.41729 0.70025 0.664721 -0.5582 -0.5683 0.6045
3.0454 -2.11233 -3.02786 0.842696 0.780744 -0.5943 -0.4388 0.6739
-2.90268 0.406756 -0.543007 0.308252 0.558294 0.7004 -0.7027 0.1254
-2.28363 0.92475 0.483029 0.354215 0.48554 0.5675 -0.8133 -0.1277
-3.41072 -0.224422 0.707222 0.242427 0.47449 0.8154 -0.553 -0.1711
2.58997 -2.53848 3.92875 0.737498 0.060141 -0.491 -0.4777 -0.7284
0.90037 -2.53848 4.62861 0.552492 0.002442 -0.1443 -0.6265 -0.7659
0.830061 -2.11233 4.27514 0.545963 0.060155 -0.1513 -0.5398 -0.828
-0.765419 1.13489 -1.78242 0.464792 0.616397 0.2166 -0.8962 0.3872
-2.09663 0.406756 -2.05101 0.372814 0.655347 0.5114 -0.6845 0.5195
-0.899587 0.92475 -2.10633 0.457367 0.640887 0.247 -0.8216 0.5136
-2.46291 -0.224422 2.48045 0.300421 0.335392 0.5453 -0.5732 -0.6116
-1.33935 -0.224422 3.23118 0.37901 0.271533 0.3563 -0.5735 -0.7377
-1.66979 -2.11233 4.02892 0.292296 0.108139 0.36 -0.5412 -0.7599
0.830061 -2.11233 4.27514 0.545963 0.060155 -0.1513 -0.5398 -0.828
-0.858131 -2.11233 4.27514 0.373252 0.07512 0.1198 -0.4388 -0.8905
0.661607 -0.224422 3.42826 0.526737 0.242749 -0.1616 -0.5604 -0.8123
2.43484 -0.224422 -2.41729 0.70025 0.664721 -0.5582 -0.5683 0.6045
2.86553 -0.224422 -1.89249 0.728397 0.622596 -0.6756 -0.583 0.4513
1.27158 0.92475 -1.89249 0.593174 0.614183 -0.3702 -0.7967 0.4777
0.437414 0.92475 2.30117 0.515428 0.35431 -0.1394 -0.816 -0.5609
1.91003 -0.224422 2.91115 0.623115 0.272648 -0.4158 -0.5617 -0.7152
0.661607 -0.224422 3.42826 0.526737 0.242749 -0.1616 -0.5604 -0.8123
-2.8936 -0.224422 1.95564 0.272037 0.377676 0.7091 -0.5625 -0.4251
-3.61155 -2.11233 2.43536 0.109018 0.290538 0.7215 -0.5412 -0.4318
-3.41072 -0.224422 0.707222 0.242427 0.47449 0.8154 -0.553 -0.1711
-0.014036 0.92475 -2.28248 0.514376 0.646618 -0.0258 -0.8197 0.5721
-0.014037 -0.224422 -3.43165 0.52565 0.758147 -0.0087 -0.553 0.8331
0.871515 0.92475 -2.10633 0.569218 0.63011 -0.1856 -0.8209 0.5401
-0.397087 1.13489 1.95731 0.465735 0.384275 0.0937 -0.8933 -0.4395
0.437414 0.92475 2.30117 0.515428 0.35431 -0.1394 -0.816 -0.5609
-0.465485 0.92475 2.30117 0.458382 0.359775 0.1566 -0.7846 -0.5999
0.437414 0.92475 2.30117 0.515428 0.35431 -0.1394 -0.816 -0.5609
1.61852 1.13489 1.12242 0.594437 0.423964 -0.4074 -0.885 -0.2252
1.62225 0.92475 1.66786 0.593993 0.387367 -0.3875 -0.83 -0.4012
0.437414 0.92475 2.30117 0.515428 0.35431 -0.1394 -0.816 -0.5609
-0.249918 1.44736 1.21744 0.4799 0.431602 0.0297 -0.9615 -0.2731
0.560553 1.54668 0.606167 0.530884 0.463719 -0.1536 -0.9805 -0.1225
-0.249918 1.44736 1.21744 0.4799 0.431602 0.0297 -0.9615 -0.2731
0.437414 0.92475 2.30117 0.515428 0.35431 -0.1394 -0.816 -0.5609
-0.397087 1.13489 1.95731 0.465735 0.384275 0.0937 -0.8933 -0.4395
1.64172 -2.11233 -3.96577 0.709684 0.890648 -0.3212 -0.5436 0.7754
3.0454 -2.11233 -3.02786 0.842696 0.780744 -0.5943 -0.4388 0.6739
2.43484 -0.224422 -2.41729 0.70025 0.664721 -0.5582 -0.5683 0.6045
-0.014036 -2.11233 -4.29512 0.544461 0.94138 0 -0.5436 0.8393
-0.014036 -2.53848 -4.65551 0.550464 0.999545 0.0079 -0.6265 0.7793
1.77964 -2.53848 -4.29873 0.737463 0.942001 -0.3055 -0.6265 0.717
-0.014036 0.92475 -2.28248 0.514376 0.646618 -0.0258 -0.8197 0.5721
-0.476736 1.44736 -1.08548 0.479244 0.56916 0.1262 -0.9593 0.2525
-0.765419 1.13489 -1.78242 0.464792 0.616397 0.2166 -0.8962 0.3872
0.871515 0.92475 -2.10633 0.569218 0.63011 -0.1856 -0.8209 0.5401
1.37434 1.13489 -1.3568 0.593812 0.577677 -0.3628 -0.8813 0.3026
0.437416 1.54668 -0.644066 0.5305 0.537493 -0.1224 -0.9817 0.146
1.37434 1.13489 -1.3568 0.593812 0.577677 -0.3628 -0.8813 0.3026
0.871515 0.92475 -2.10633 0.569218 0.63011 -0.1856 -0.8209 0.5401
1.27158 0.92475 -1.89249 0.593174 0.614183 -0.3702 -0.7967 0.4777
-0.765419 1.13489 -1.78242 0.464792 0.616397 0.2166 -0.8962 0.3872
-0.899587 0.92475 -2.10633 0.457367 0.640887 0.247 -0.8216 0.5136
-0.014036 0.92475 -2.28248 0.514376 0.646618 -0.0258 -0.8197 0.5721
-0.014036 0.92475 -2.28248 0.514376 0.646618 -0.0258 -0.8197 0.5721
0.871515 0.92475 -2.10633 0.569218 0.63011 -0.1856 -0.8209 0.5401
-0.476736 1.44736 -1.08548 0.479244 0.56916 0.1262 -0.9593 0.2525
-0.014036 -2.11233 -4.29512 0.544461 0.94138 0 -0.5436 0.8393
1.64172 -2.11233 -3.96577 0.709684 0.890648 -0.3212 -0.5436 0.7754
1.31128 -0.224422 -3.16803 0.622277 0.728763 -0.3153 -0.5573 0.768
2.06856 0.406756 2.11418 0.628088 0.345969 -0.487 -0.7293 -0.4805
1.62225 0.92475 1.66786 0.593993 0.387367 -0.3875 -0.83 -0.4012
1.61852 1.13489 1.12242 0.594437 0.423964 -0.4074 -0.885 -0.2252
3.18557 -0.224422 1.3569 0.728731 0.379068 -0.7531 -0.5793 -0.3117
2.86554 -0.224422 1.95565 0.70074 0.336904 -0.7014 -0.5496 -0.4537
2.06856 0.406756 2.11418 0.628088 0.345969 -0.487 -0.7293 -0.4805
2.9312 0.406756 0.031579 0.699823 0.481328 -0.6777 -0.7349 -0.0232
3.38265 -0.224422 0.707221 0.74799 0.425871 -0.8168 -0.5496 -0.1751
3.18557 -0.224422 1.3569 0.728731 0.379068 -0.7531 -0.5793 -0.3117
1.61852 1.13489 1.12242 0.594437 0.423964 -0.4074 -0.885 -0.2252
2.25556 0.92475 -0.419871 0.646376 0.515327 -0.5243 -0.8433 0.1181
2.9312 0.406756 0.031579 0.699823 0.481328 -0.6777 -0.7349 -0.0232
3.18557 -0.224422 1.3569 0.728731 0.379068 -0.7531 -0.5793 -0.3117
2.06856 0.406756 2.11418 0.628088 0.345969 -0.487 -0.7293 -0.4805
1.61852 1.13489 1.12242 0.594437 0.423964 -0.4074 -0.885 -0.2252
-4.2576 -2.11233 0.875676 0.058512 0.456607 0.8232 -0.5436 -0.1637
-4.2576 -2.11233 -0.812517 0.07554 0.629328 0.8344 -0.5322 0.1433
-3.41072 -0.224422 -0.644062 0.252159 0.575345 0.8293 -0.5291 0.1798
-1.33936 -0.224422 -3.16803 0.42504 0.748256 0.3478 -0.5294 0.7738
-1.14113 0.406756 -2.68946 0.441858 0.692368 0.2597 -0.7027 0.6624
-2.09663 0.406756 -2.05101 0.372814 0.655347 0.5114 -0.6845 0.5195
-2.61804 -2.53848 -3.86559 0.264333 0.94361 0.4814 -0.4824 0.7317
-1.66979 -2.11233 -3.96577 0.372199 0.924928 0.2448 -0.4151 0.8762
-1.33936 -0.224422 -3.16803 0.42504 0.748256 0.3478 -0.5294 0.7738
-1.33936 -0.224422 -3.16803 0.42504 0.748256 0.3478 -0.5294 0.7738
-3.91121 -2.53848 -2.57243 0.112321 0.819563 0.7186 -0.5065 0.4764
-2.61804 -2.53848 -3.86559 0.264333 0.94361 0.4814 -0.4824 0.7317
-3.91121 -2.53848 -2.57243 0.112321 0.819563 0.7186 -0.5065 0.4764
-2.09663 0.406756 -2.05101 0.372814 0.655347 0.5114 -0.6845 0.5195
-2.46291 0.406756 -1.6047 0.345025 0.627467 0.6015 -0.6929 0.3975
-4.2576 -2.11233 -0.812517 0.07554 0.629328 0.8344 -0.5322 0.1433
-4.2576 -2.11233 0.875676 0.058512 0.456607 0.8232 -0.5436 -0.1637
-4.61106 -2.53848 0.945985 0.0001 0.45091 0.7489 -0.6457 -0.149
-0.249918 1.44736 1.21744 0.4799 0.431602 0.0297 -0.9615 -0.2731
-0.397087 1.13489 1.95731 0.465735 0.384275 0.0937 -0.8933 -0.4395
-1.40241 1.13489 1.41995 0.406963 0.423091 0.3365 -0.8596 -0.3845
-1.40241 1.13489 1.41995 0.406963 0.423091 0.3365 -0.8596 -0.3845
-2.46291 -0.224422 2.48045 0.300421 0.335392 0.5453 -0.5732 -0.6116
-1.9381 0.92475 1.3172 0.371079 0.430696 0.4901 -0.7995 -0.3472
-0.465485 0.92475 2.30117 0.458382 0.359775 0.1566 -0.7846 -0.5999
-0.689676 -0.224422 3.42826 0.426096 0.252345 0.1213 -0.5625 -0.8178
-1.33935 -0.224422 3.23118 0.37901 0.271533 0.3563 -0.5735 -0.7377
-1.40241 1.13489 1.41995 0.406963 0.423091 0.3365 -0.8596 -0.3845
-0.397087 1.13489 1.95731 0.465735 0.384275 0.0937 -0.8933 -0.4395
-0.465485 0.92475 2.30117 0.458382 0.359775 0.1566 -0.7846 -0.5999
-1.33935 -0.224422 3.23118 0.37901 0.271533 0.3563 -0.5735 -0.7377
-2.46291 -0.224422 2.48045 0.300421 0.335392 0.5453 -0.5732 -0.6116
-1.40241 1.13489 1.41995 0.406963 0.423091 0.3365 -0.8596 -0.3845
-3.07347 -2.11233 3.09101 0.1576 0.218047 0.5943 -0.4388 -0.6739
-3.91121 -2.53848 2.63559 0.057225 0.262871 0.6629 -0.6109 -0.4329
-3.61155 -2.11233 2.43536 0.109018 0.290538 0.7215 -0.5412 -0.4318
-3.07347 -2.11233 3.09101 0.1576 0.218047 0.5943 -0.4388 -0.6739
-1.66979 -2.11233 4.02892 0.292296 0.108139 0.36 -0.5412 -0.7599
-1.80771 -2.53848 4.36188 0.264698 0.056141 0.3243 -0.5896 -0.7396
-3.07347 -2.11233 3.09101 0.1576 0.218047 0.5943 -0.4388 -0.6739
-3.61155 -2.11233 2.43536 0.109018 0.290538 0.7215 -0.5412 -0.4318
-2.8936 -0.224422 1.95564 0.272037 0.377676 0.7091 -0.5625 -0.4251
-0.476736 1.44736 -1.08548 0.479244 0.56916 0.1262 -0.9593 0.2525
-1.22313 1.44736 0.031579 0.428834 0.507174 0.274 -0.9609 0.0393
-2.28363 0.92475 -0.419871 0.359666 0.542651 0.5085 -0.849 0.1437
-2.28363 0.92475 -0.419871 0.359666 0.542651 0.5085 -0.849 0.1437
-0.765419 1.13489 -1.78242 0.464792 0.616397 0.2166 -0.8962 0.3872
-0.476736 1.44736 -1.08548 0.479244 0.56916 0.1262 -0.9593 0.2525
-0.765419 1.13489 -1.78242 0.464792 0.616397 0.2166 -0.8962 0.3872
-2.46291 0.406756 -1.6047 0.345025 0.627467 0.6015 -0.6929 0.3975
-2.09663 0.406756 -2.05101 0.372814 0.655347 0.5114 -0.6845 0.5195
-2.46291 0.406756 -1.6047 0.345025 0.627467 0.6015 -0.6929 0.3975
-2.28363 0.92475 -0.419871 0.359666 0.542651 0.5085 -0.849 0.1437
-2.90268 0.406756 -0.543007 0.308252 0.558294 0.7004 -0.7027 0.1254
2.25556 0.92475 -0.419871 0.646376 0.515327 -0.5243 -0.8433 0.1181
1.61852 1.13489 1.12242 0.594437 0.423964 -0.4074 -0.885 -0.2252
0.560553 1.54668 0.606167 0.530884 0.463719 -0.1536 -0.9805 -0.1225
0.437416 1.54668 -0.644066 0.5305 0.537493 -0.1224 -0.9817 0.146
1.37434 1.13489 -1.3568 0.593812 0.577677 -0.3628 -0.8813 0.3026
2.25556 0.92475 -0.419871 0.646376 0.515327 -0.5243 -0.8433 0.1181
3.38265 -0.224422 -0.644064 0.757714 0.526159 -0.8143 -0.5535 0.1746
3.18557 -0.224422 -1.29374 0.747796 0.575812 -0.7544 -0.574 0.3182
3.98331 -2.11233 -1.62418 0.923669 0.628713 -0.8001 -0.5 0.3314
4.31266 -2.11233 0.031579 0.940373 0.457228 -0.8994 -0.4339 -0.0523
3.44919 -0.224422 0.031578 0.757778 0.475532 -0.8505 -0.526 -0
3.38265 -0.224422 -0.644064 0.757714 0.526159 -0.8143 -0.5535 0.1746
3.38265 -0.224422 -0.644064 0.757714 0.526159 -0.8143 -0.5535 0.1746
4.22953 -2.11233 -0.812518 0.940354 0.543794 -0.8257 -0.5397 0.1642
4.31266 -2.11233 0.031579 0.940373 0.457228 -0.8994 -0.4339 -0.0523
3.44919 -0.224422 0.031578 0.757778 0.475532 -0.8505 -0.526 -0
3.38265 -0.224422 0.707221 0.74799 0.425871 -0.8168 -0.5496 -0.1751
2.9312 0.406756 0.031579 0.699823 0.481328 -0.6777 -0.7349 -0.0232
-1.22313 1.44736 0.031579 0.428834 0.507174 0.274 -0.9609 0.0393
-0.476736 1.44736 -1.08548 0.479244 0.56916 0.1262 -0.9593 0.2525
0.437416 1.54668 -0.644066 0.5305 0.537493 -0.1224 -0.9817 0.146
0.560553 1.54668 0.606167 0.530884 0.463719 -0.1536 -0.9805 -0.1225
-1.01936 1.44736 0.703315 0.437179 0.466263 0.2213 -0.9648 -0.1422
-1.22313 1.44736 0.031579 0.428834 0.507174 0.274 -0.9609 0.0393
-1.01936 1.44736 0.703315 0.437179 0.466263 0.2213 -0.9648 -0.1422
0.560553 1.54668 0.606167 0.530884 0.463719 -0.1536 -0.9805 -0.1225
-0.249918 1.44736 1.21744 0.4799 0.431602 0.0297 -0.9615 -0.2731
2.86554 -0.224422 1.95565 0.70074 0.336904 -0.7014 -0.5496 -0.4537
3.0454 -2.11233 3.09102 0.781622 0.159429 -0.7016 -0.4223 -0.5739
2.43484 -0.224422 2.48045 0.665083 0.300975 -0.6014 -0.526 -0.6014
2.86554 -0.224422 1.95565 0.70074 0.336904 -0.7014 -0.5496 -0.4537
3.18557 -0.224422 1.3569 0.728731 0.379068 -0.7531 -0.5793 -0.3117
3.98331 -2.11233 1.68733 0.890506 0.292574 -0.781 -0.5341 -0.3235
-1.22313 1.44736 0.031579 0.428834 0.507174 0.274 -0.9609 0.0393
-2.28363 0.92475 0.483029 0.354215 0.48554 0.5675 -0.8133 -0.1277
-2.28363 0.92475 -0.419871 0.359666 0.542651 0.5085 -0.849 0.1437
-1.01936 1.44736 0.703315 0.437179 0.466263 0.2213 -0.9648 -0.1422
-1.40241 1.13489 1.41995 0.406963 0.423091 0.3365 -0.8596 -0.3845
-1.9381 0.92475 1.3172 0.371079 0.430696 0.4901 -0.7995 -0.3472
-2.28363 0.92475 0.483029 0.354215 0.48554 0.5675 -0.8133 -0.1277
-1.22313 1.44736 0.031579 0.428834 0.507174 0.274 -0.9609 0.0393
-1.01936 1.44736 0.703315 0.437179 0.466263 0.2213 -0.9648 -0.1422
-2.09663 0.406756 -2.05101 0.372814 0.655347 0.5114 -0.6845 0.5195
-1.14113 0.406756 -2.68946 0.441858 0.692368 0.2597 -0.7027 0.6624
-0.899587 0.92475 -2.10633 0.457367 0.640887 0.247 -0.8216 0.5136
-0.858131 -2.11233 4.27514 0.373252 0.07512 0.1198 -0.4388 -0.8905
-0.689676 -0.224422 3.42826 0.426096 0.252345 0.1213 -0.5625 -0.8178
0.661607 -0.224422 3.42826 0.526737 0.242749 -0.1616 -0.5604 -0.8123
-3.61155 -2.11233 2.43536 0.109018 0.290538 0.7215 -0.5412 -0.4318
-4.2576 -2.11233 0.875676 0.058512 0.456607 0.8232 -0.5436 -0.1637
-3.41072 -0.224422 0.707222 0.242427 0.47449 0.8154 -0.553 -0.1711
-0.014037 -0.224422 -3.43165 0.52565 0.758147 -0.0087 -0.553 0.8331
1.31128 -0.224422 -3.16803 0.622277 0.728763 -0.3153 -0.5573 0.768
0.871515 0.92475 -2.10633 0.569218 0.63011 -0.1856 -0.8209 0.5401
