Vertex Count: 1158

Data:

1.21392 -0.0707206 -2.60209e-18 0.401244 0.557842 0.957853 -0.28726 1.39115e-17
1.21522 -0.0642915 0.0273006 0.407498 0.556375 0.962194 -0.260738 0.078724
1.17678 -0.176777 -0 0.401163 0.583552 0.812318 -0.583214 -7.54595e-17
1.13199 -0.176777 -0.225166 0.563984 0.435983 0.644843 -0.753475 -0.128267
1.21522 -0.0642915 -0.0273006 0.60998 0.405018 0.962194 -0.260738 -0.078724
1.17678 -0.176777 -0 0.616373 0.432181 0.812318 -0.583214 -7.54595e-17
1 -0.25 -0 0.607764 0.495883 0.136774 -0.990602 -3.48205e-17
1.13199 -0.176777 -0.225166 0.575077 0.54863 0.644843 -0.753475 -0.128267
1.17678 -0.176777 -0 0.563984 0.49726 0.812318 -0.583214 -7.54595e-17
0.823223 -0.176777 -0 0.887772 0.546485 -0.705095 -0.709113 -6.25677e-17
0.92388 -0.25 -0.382683 0.862844 0.635168 7.53233e-17 -1 -1.12985e-17
1 -0.25 -0 0.843993 0.547861 0.136774 -0.990602 -3.48205e-17
1.17678 -0.176777 -0 0.563984 0.910975 0.812318 -0.583214 -7.54595e-17
1.13199 -0.176777 0.225166 0.575077 0.859605 0.644843 -0.753475 0.128267
1 -0.25 -0 0.607764 0.912351 0.136774 -0.990602 -3.48205e-17
0.92388 -0.25 -0.382683 0.626616 0.58319 7.53233e-17 -1 -1.12985e-17
1.13199 -0.176777 -0.225166 0.575077 0.54863 0.644843 -0.753475 -0.128267
1 -0.25 -0 0.607764 0.495883 0.136774 -0.990602 -3.48205e-17
0.760559 -0.176777 -0.315034 0.903291 0.618358 -0.651423 -0.709113 0.269828
0.92388 -0.25 -0.382683 0.862844 0.635168 7.53233e-17 -1 -1.12985e-17
0.823223 -0.176777 -0 0.887772 0.546485 -0.705095 -0.709113 -6.25677e-17
0.75 -3.06162e-17 -0 0.597526 0.0290739 -1 -4.58182e-17 -1.52728e-17
0.69291 -3.06162e-17 -0.287013 0.664328 0.0240726 -0.92388 -1.90909e-16 0.382683
0.823223 -0.176777 -0 0.597526 0.0728752 -0.705095 -0.709113 -6.25677e-17
1 -0.25 -0 0.76131 0.725 0.136774 -0.990602 -3.48205e-17
0.92388 -0.25 0.382683 0.780161 0.637693 -1.65711e-16 -1 -9.98034e-17
0.823223 -0.176777 -0 0.805089 0.726376 -0.705095 -0.709113 -6.25677e-17
0.760559 -0.176777 0.315034 0.157581 0.0673857 -0.651423 -0.709113 -0.269828
0.69291 -3.06162e-17 0.287013 0.164103 0.0240726 -0.92388 -4.50546e-16 -0.382683
0.823223 -0.176777 -0 0.230905 0.0728752 -0.705095 -0.709113 -6.25677e-17
0.823223 0.176777 -0 0.817499 0.0240726 -0.705095 0.709113 -6.06717e-17
0.69291 -3.06162e-17 -0.287013 0.884301 0.0728752 -0.92388 -1.90909e-16 0.382683
0.75 -3.06162e-17 -0 0.817499 0.067874 -1 -4.58182e-17 -1.52728e-17
0.823223 -0.176777 -0 0.230905 0.0728752 -0.705095 -0.709113 -6.25677e-17
0.69291 -3.06162e-17 0.287013 0.164103 0.0240726 -0.92388 -4.50546e-16 -0.382683
0.75 -3.06162e-17 -0 0.230905 0.0290739 -1 -4.58182e-17 -1.52728e-17
0.760559 0.176777 -0.315034 0.890823 0.0295622 -0.601443 0.764712 0.23126
0.69291 -3.06162e-17 -0.287013 0.884301 0.0728752 -0.92388 -1.90909e-16 0.382683
0.823223 0.176777 -0 0.817499 0.0240726 -0.705095 0.709113 -6.06717e-17
0.75 -3.06162e-17 -0 0.30423 0.067874 -1 -4.58182e-17 -1.52728e-17
0.69291 -3.06162e-17 0.287013 0.237427 0.0728752 -0.92388 -4.50546e-16 -0.382683
0.823223 0.176777 -0 0.30423 0.0240726 -0.705095 0.709113 -6.06717e-17
1 0.25 -0 0.820608 0.195654 0.148203 0.988957 -5.23395e-17
0.96194 0.25 -0.191342 0.811183 0.239307 -0.0792442 0.996731 0.0157627
0.823223 0.176777 -0 0.776829 0.194277 -0.705095 0.709113 -6.06717e-17
0.760559 0.176777 0.315034 0.76131 0.56582 -0.601443 0.764712 -0.23126
0.96194 0.25 0.191342 0.811183 0.592663 -0.0792442 0.996731 -0.0157627
0.823223 0.176777 -0 0.776829 0.637693 -0.705095 0.709113 -6.06717e-17
1.09927 0.20607 -0 0.442616 0.492682 0.424967 0.905209 -0
1.10434 0.203407 -0.0273006 0.443733 0.498968 0.45425 0.889965 -0.0402408
1 0.25 -0 0.417781 0.491924 0.148203 0.988957 -5.23395e-17
0.96194 0.25 0.191342 0.626616 0.660451 -0.0792442 0.996731 -0.0157627
1.10434 0.203407 0.0273006 0.661907 0.697063 0.45425 0.889965 0.0402408
1 0.25 -0 0.635957 0.704117 0.148203 0.988957 -5.23395e-17
0.823223 0.176777 -0 0.776829 0.637693 -0.705095 0.709113 -6.06717e-17
0.96194 0.25 0.191342 0.811183 0.592663 -0.0792442 0.996731 -0.0157627
1 0.25 -0 0.820608 0.636317 0.148203 0.988957 -5.23395e-17
1.12102 -0.0883883 -0.464344 0.112018 0.746407 0.842266 -0.382527 -0.379816
0.883883 0 -0.883883 0 0.752059 0.763288 0.0588573 -0.643372
1.15485 0 -0.478354 0.108277 0.724828 0.953637 0.0420454 -0.298008
1.21357 0.0115485 -0.0921395 0.404167 0.50738 0.985653 0.144446 -0.08731
1.21717 -0.0210972 -0.0750766 0.408456 0.514607 0.989459 -0.0957532 -0.108634
1.15485 0 -0.478354 0.315674 0.514061 0.953637 0.0420454 -0.298008
1.13794 0.0441942 -0.471349 0.117245 0.59202 0.856016 0.382675 -0.347556
1.20409 0.0488136 -0.102377 0.202807 0.595571 0.946404 0.310074 -0.0904105
1.15485 0 -0.478354 0.115759 0.602845 0.953637 0.0420454 -0.298008
0.92388 -0.25 -0.382683 0.164774 0.292307 7.53233e-17 -1 -1.12985e-17
0.832107 -0.176777 -0.832107 0.186976 0.396296 0.498577 -0.709113 -0.498577
1.0872 -0.176777 -0.450333 0.125263 0.311213 0.801153 -0.546666 -0.243537
1.12102 -0.0883883 -0.464344 0.305497 0.565598 0.842266 -0.382527 -0.379816
1.21717 -0.0210972 -0.0750766 0.395783 0.543652 0.989459 -0.0957532 -0.108634
1.0872 -0.176777 -0.450333 0.308591 0.587242 0.801153 -0.546666 -0.243537
0.832107 -0.176777 -0.832107 0.0138245 0.793621 0.498577 -0.709113 -0.498577
1.12102 -0.0883883 -0.464344 0.112018 0.746407 0.842266 -0.382527 -0.379816
1.0872 -0.176777 -0.450333 0.115759 0.767986 0.801153 -0.546666 -0.243537
0.707107 -0.25 -0.707107 0.217216 0.364609 -1.50647e-17 -1 -1.50647e-17
0.832107 -0.176777 -0.832107 0.186976 0.396296 0.498577 -0.709113 -0.498577
0.92388 -0.25 -0.382683 0.164774 0.292307 7.53233e-17 -1 -1.12985e-17
0.760559 -0.176777 -0.315034 0.800821 0.908792 -0.651423 -0.709113 0.269828
0.582107 -0.176777 -0.582107 0.843993 0.968313 -0.498577 -0.709113 0.498577
0.92388 -0.25 -0.382683 0.76131 0.927698 7.53233e-17 -1 -1.12985e-17
1.0872 -0.176777 -0.450333 0.586169 0.6 0.801153 -0.546666 -0.243537
1.13199 -0.176777 -0.225166 0.575077 0.54863 0.644843 -0.753475 -0.128267
0.92388 -0.25 -0.382683 0.626616 0.58319 7.53233e-17 -1 -1.12985e-17
0.823223 -0.176777 -0 0.597526 0.0728752 -0.705095 -0.709113 -6.25677e-17
0.69291 -3.06162e-17 -0.287013 0.664328 0.0240726 -0.92388 -1.90909e-16 0.382683
0.760559 -0.176777 -0.315034 0.67085 0.0673857 -0.651423 -0.709113 0.269828
0.69291 -3.06162e-17 -0.287013 0.543412 0.189122 -0.92388 -1.90909e-16 0.382683
0.582107 -0.176777 -0.582107 0.622203 0.214346 -0.498577 -0.709113 0.498577
0.760559 -0.176777 -0.315034 0.550894 0.232279 -0.651423 -0.709113 0.269828
0.53033 -3.06162e-17 -0.53033 0.608378 0.172783 -0.707107 1.52728e-17 0.707107
0.582107 -0.176777 -0.582107 0.622203 0.214346 -0.498577 -0.709113 0.498577
0.69291 -3.06162e-17 -0.287013 0.543412 0.189122 -0.92388 -1.90909e-16 0.382683
0.760559 0.176777 -0.315034 0.0557893 0.0934113 -0.601443 0.764712 0.23126
0.582107 0.176777 -0.582107 0.127098 0.111345 -0.498577 0.709113 0.498577
0.69291 -3.06162e-17 -0.287013 0.0483076 0.136569 -0.92388 -1.90909e-16 0.382683
0.92388 0.25 -0.382683 0.667715 0.323994 0.140536 0.989964 -0.0148301
0.582107 0.176777 -0.582107 0.585031 0.364609 -0.498577 0.709113 0.498577
0.760559 0.176777 -0.315034 0.628203 0.305088 -0.601443 0.764712 0.23126
0.823223 0.176777 -0 0.776829 0.194277 -0.705095 0.709113 -6.06717e-17
0.96194 0.25 -0.191342 0.811183 0.239307 -0.0792442 0.996731 0.0157627
0.760559 0.176777 -0.315034 0.76131 0.26615 -0.601443 0.764712 0.23126
0.707107 0.25 -0.707107 0.615272 0.396296 0.0699815 0.996452 -0.0467601
0.582107 0.176777 -0.582107 0.585031 0.364609 -0.498577 0.709113 0.498577
0.92388 0.25 -0.382683 0.667715 0.323994 0.140536 0.989964 -0.0148301
1.00554 0.213388 -0.416508 0.381368 0.30176 0.351238 0.923863 -0.152019
0.707107 0.25 -0.707107 0.30917 0.364609 0.0699815 0.996452 -0.0467601
0.92388 0.25 -0.382683 0.361613 0.292307 0.140536 0.989964 -0.0148301
0.96194 0.25 -0.191342 0.853583 0.249488 -0.0792442 0.996731 0.0157627
1.10434 0.203407 -0.0273006 0.889081 0.213071 0.45425 0.889965 -0.0402408
0.92388 0.25 -0.382683 0.843993 0.293103 0.140536 0.989964 -0.0148301
0.760559 0.176777 -0.315034 0.76131 0.26615 -0.601443 0.764712 0.23126
0.96194 0.25 -0.191342 0.811183 0.239307 -0.0792442 0.996731 0.0157627
0.92388 0.25 -0.382683 0.801757 0.28296 0.140536 0.989964 -0.0148301
1.15382 0.155813 -0.0921395 0.398471 0.415586 0.795892 0.6018 -0.0662756
1.17287 0.124197 -0.102377 0.39624 0.424045 0.888614 0.450591 -0.0856325
1.0872 0.176777 -0.450333 0.315892 0.404299 0.703808 0.679095 -0.208528
1.00554 0.213388 -0.416508 0.626616 0.591785 0.351238 0.923863 -0.152019
1.13427 0.179043 -0.0750766 0.658573 0.514959 0.620075 0.781693 -0.0668163
1.0872 0.176777 -0.450333 0.646722 0.6 0.703808 0.679095 -0.208528
0.832107 0.176777 -0.832107 0.339411 0.396296 0.53651 0.675755 -0.505481
1.00554 0.213388 -0.416508 0.381368 0.30176 0.351238 0.923863 -0.152019
1.0872 0.176777 -0.450333 0.401124 0.311213 0.703808 0.679095 -0.208528
0.832107 -0.176777 -0.832107 0.217693 0.862414 0.498577 -0.709113 -0.498577
0.478354 0 -1.15485 0.12324 0.793621 0.382683 7.02546e-16 -0.92388
0.883883 0 -0.883883 0.231517 0.820852 0.763288 0.0588573 -0.643372
0.832107 0.176777 -0.832107 0.0138245 0.793621 0.53651 0.675755 -0.505481
1.12102 0.0883883 -0.464344 0.112018 0.840835 0.865195 0.382767 -0.323923
0.883883 0 -0.883883 0 0.835184 0.763288 0.0588573 -0.643372
0.450333 -0.176777 -1.0872 0.115759 0.836779 0.269828 -0.709113 -0.651423
0.478354 0 -1.15485 0.12324 0.793621 0.382683 7.02546e-16 -0.92388
0.832107 -0.176777 -0.832107 0.217693 0.862414 0.498577 -0.709113 -0.498577
0.707107 -0.25 -0.707107 0.48792 0.649405 -1.50647e-17 -1 -1.50647e-17
0.382683 -0.25 -0.92388 0.563984 0.696225 -6.59079e-17 -1 4.5194e-17
0.832107 -0.176777 -0.832107 0.458613 0.681957 0.498577 -0.709113 -0.498577
0.883883 0 -0.883883 0 0.752059 0.763288 0.0588573 -0.643372
1.12102 -0.0883883 -0.464344 0.112018 0.746407 0.842266 -0.382527 -0.379816
0.832107 -0.176777 -0.832107 0.0138245 0.793621 0.498577 -0.709113 -0.498577
0.92388 -0.25 -0.382683 0.76131 0.927698 7.53233e-17 -1 -1.12985e-17
0.582107 -0.176777 -0.582107 0.843993 0.968313 -0.498577 -0.709113 0.498577
0.707107 -0.25 -0.707107 0.813752 1 -1.50647e-17 -1 -1.50647e-17
0.582107 -0.176777 -0.582107 0.698663 0.370544 -0.498577 -0.709113 0.498577
0.382683 -0.25 -0.92388 0.74542 0.449916 -6.59079e-17 -1 4.5194e-17
0.707107 -0.25 -0.707107 0.669356 0.403096 -1.50647e-17 -1 -1.50647e-17
0.315034 -0.176777 -0.760559 0.761281 0.409087 -0.269828 -0.709113 0.651423
0.382683 -0.25 -0.92388 0.74542 0.449916 -6.59079e-17 -1 4.5194e-17
0.582107 -0.176777 -0.582107 0.698663 0.370544 -0.498577 -0.709113 0.498577
0.53033 -3.06162e-17 -0.53033 0.857817 0.153575 -0.707107 1.52728e-17 0.707107
0.287013 -3.06162e-17 -0.69291 0.922783 0.169914 -0.382683 -4.20001e-16 0.92388
0.582107 -0.176777 -0.582107 0.843993 0.195138 -0.498577 -0.709113 0.498577
0.69291 -3.06162e-17 -0.287013 0.0483076 0.136569 -0.92388 -1.90909e-16 0.382683
0.582107 0.176777 -0.582107 0.127098 0.111345 -0.498577 0.709113 0.498577
0.53033 -3.06162e-17 -0.53033 0.113274 0.152907 -0.707107 1.52728e-17 0.707107
0.582107 0.176777 -0.582107 0.284679 0.111345 -0.498577 0.709113 0.498577
0.287013 -3.06162e-17 -0.69291 0.36347 0.136569 -0.382683 -4.20001e-16 0.92388
0.53033 -3.06162e-17 -0.53033 0.298504 0.152907 -0.707107 1.52728e-17 0.707107
0.315034 0.176777 -0.760559 0.355988 0.0934113 -0.269828 0.709113 0.651423
0.287013 -3.06162e-17 -0.69291 0.36347 0.136569 -0.382683 -4.20001e-16 0.92388
0.582107 0.176777 -0.582107 0.284679 0.111345 -0.498577 0.709113 0.498577
0.707107 0.25 -0.707107 0.761281 0.56184 0.0699815 0.996452 -0.0467601
0.382683 0.25 -0.92388 0.685217 0.60866 1.88308e-17 1 -1.2805e-16
0.582107 0.176777 -0.582107 0.731973 0.529288 -0.498577 0.709113 0.498577
0.832107 0.176777 -0.832107 0.563984 0.944903 0.53651 0.675755 -0.505481
0.382683 0.25 -0.92388 0.458613 0.959171 1.88308e-17 1 -1.2805e-16
0.707107 0.25 -0.707107 0.534677 0.912351 0.0699815 0.996452 -0.0467601
0.883883 0 -0.883883 0.115759 0.903977 0.763288 0.0588573 -0.643372
0.478354 0 -1.15485 0.00748174 0.931207 0.382683 7.02546e-16 -0.92388
0.832107 0.176777 -0.832107 0.101934 0.862414 0.53651 0.675755 -0.505481
0.450333 0.176777 -1.0872 0.474474 1 0.269828 0.709113 -0.651423
0.382683 0.25 -0.92388 0.458613 0.959171 1.88308e-17 1 -1.2805e-16
0.832107 0.176777 -0.832107 0.563984 0.944903 0.53651 0.675755 -0.505481
1.0872 0.176777 -0.450333 0.115759 0.819256 0.703808 0.679095 -0.208528
1.10411 0.132583 -0.457338 0.113888 0.830046 0.856099 0.382675 -0.347354
0.832107 0.176777 -0.832107 0.0138245 0.793621 0.53651 0.675755 -0.505481
0.707107 0.25 -0.707107 0.30917 0.364609 0.0699815 0.996452 -0.0467601
1.00554 0.213388 -0.416508 0.381368 0.30176 0.351238 0.923863 -0.152019
0.832107 0.176777 -0.832107 0.339411 0.396296 0.53651 0.675755 -0.505481
0.450333 -0.176777 -1.0872 0.452091 0.845055 0.269828 -0.709113 -0.651423
7.20568e-17 -0.176777 -1.17678 0.347276 0.837207 -1.1376e-17 -0.709113 -0.705095
0.478354 0 -1.15485 0.458613 0.801742 0.382683 7.02546e-16 -0.92388
7.65404e-17 0 -1.25 0.347276 0.690109 -2.29091e-17 4.73455e-16 -1
7.20568e-17 0.176777 -1.17678 0.347276 0.646308 7.58397e-18 0.709113 -0.705095
0.478354 0 -1.15485 0.458613 0.681774 0.382683 7.02546e-16 -0.92388
0.832107 -0.176777 -0.832107 0.458613 0.681957 0.498577 -0.709113 -0.498577
0.382683 -0.25 -0.92388 0.563984 0.696225 -6.59079e-17 -1 4.5194e-17
0.450333 -0.176777 -1.0872 0.548123 0.737054 0.269828 -0.709113 -0.651423
0.382683 -0.25 -0.92388 0.0155309 0.232279 -6.59079e-17 -1 4.5194e-17
7.20568e-17 -0.176777 -1.17678 0.103387 0.292179 -1.1376e-17 -0.709113 -0.705095
0.450333 -0.176777 -1.0872 0 0.273235 0.269828 -0.709113 -0.651423
6.12323e-17 -0.25 -1 0.103387 0.248378 3.76617e-18 -1 1.20517e-16
7.20568e-17 -0.176777 -1.17678 0.103387 0.292179 -1.1376e-17 -0.709113 -0.705095
0.382683 -0.25 -0.92388 0.0155309 0.232279 -6.59079e-17 -1 4.5194e-17
0.315034 -0.176777 -0.760559 0.58926 0.235125 -0.269828 -0.709113 0.651423
5.04079e-17 -0.176777 -0.823223 0.661585 0.248378 -3.79198e-18 -0.709113 0.705095
0.382683 -0.25 -0.92388 0.573729 0.276081 -6.59079e-17 -1 4.5194e-17
0.582107 -0.176777 -0.582107 0.843993 0.195138 -0.498577 -0.709113 0.498577
0.287013 -3.06162e-17 -0.69291 0.922783 0.169914 -0.382683 -4.20001e-16 0.92388
0.315034 -0.176777 -0.760559 0.915302 0.213071 -0.269828 -0.709113 0.651423
0.287013 -3.06162e-17 -0.69291 0.933198 0.902395 -0.382683 -4.20001e-16 0.92388
5.04079e-17 -0.176777 -0.823223 1 0.951197 -3.79198e-18 -0.709113 0.705095
0.315034 -0.176777 -0.760559 0.926676 0.945708 -0.269828 -0.709113 0.651423
4.59243e-17 -3.06162e-17 -0.75 1 0.907396 -1.52728e-17 -3.66546e-16 1
5.04079e-17 -0.176777 -0.823223 1 0.951197 -3.79198e-18 -0.709113 0.705095
0.287013 -3.06162e-17 -0.69291 0.933198 0.902395 -0.382683 -4.20001e-16 0.92388
0.315034 0.176777 -0.760559 0.926676 0.761477 -0.269828 0.709113 0.651423
5.04079e-17 0.176777 -0.823223 1 0.755987 -1.89599e-18 0.709113 0.705095
0.287013 -3.06162e-17 -0.69291 0.933198 0.80479 -0.382683 -4.20001e-16 0.92388
0.582107 0.176777 -0.582107 0.731973 0.529288 -0.498577 0.709113 0.498577
0.382683 0.25 -0.92388 0.685217 0.60866 1.88308e-17 1 -1.2805e-16
0.315034 0.176777 -0.760559 0.669356 0.567831 -0.269828 0.709113 0.651423
0.382683 0.25 -0.92388 0.455556 0.21618 1.88308e-17 1 -1.2805e-16
5.04079e-17 0.176777 -0.823223 0.3677 0.188478 -1.89599e-18 0.709113 0.705095
0.315034 0.176777 -0.760559 0.440025 0.175225 -0.269828 0.709113 0.651423
6.12323e-17 0.25 -1 0.3677 0.232279 7.53233e-18 1 -2.71164e-16
5.04079e-17 0.176777 -0.823223 0.3677 0.188478 -1.89599e-18 0.709113 0.705095
0.382683 0.25 -0.92388 0.455556 0.21618 1.88308e-17 1 -1.2805e-16
0.450333 0.176777 -1.0872 0.206774 0.273235 0.269828 0.709113 -0.651423
7.20568e-17 0.176777 -1.17678 0.103387 0.292179 7.58397e-18 0.709113 -0.705095
0.382683 0.25 -0.92388 0.191243 0.232279 1.88308e-17 1 -1.2805e-16
0.832107 0.176777 -0.832107 0.101934 0.862414 0.53651 0.675755 -0.505481
0.478354 0 -1.15485 0.00748174 0.931207 0.382683 7.02546e-16 -0.92388
0.450333 0.176777 -1.0872 0 0.888049 0.269828 0.709113 -0.651423
0.478354 0 -1.15485 0.458613 0.681774 0.382683 7.02546e-16 -0.92388
7.20568e-17 0.176777 -1.17678 0.347276 0.646308 7.58397e-18 0.709113 -0.705095
0.450333 0.176777 -1.0872 0.452091 0.638461 0.269828 0.709113 -0.651423
0.478354 0 -1.15485 0.458613 0.801742 0.382683 7.02546e-16 -0.92388
7.20568e-17 -0.176777 -1.17678 0.347276 0.837207 -1.1376e-17 -0.709113 -0.705095
7.65404e-17 0 -1.25 0.347276 0.793406 -2.29091e-17 4.73455e-16 -1
7.20568e-17 -0.176777 -1.17678 0.222674 0.527746 -1.1376e-17 -0.709113 -0.705095
-0.478354 0 -1.15485 0.111337 0.492281 -0.382683 5.2691e-16 -0.92388
7.65404e-17 0 -1.25 0.222674 0.483945 -2.29091e-17 4.73455e-16 -1
-0.450333 -0.176777 -1.0872 0.117859 0.535594 -0.269828 -0.709113 -0.651423
-0.478354 0 -1.15485 0.111337 0.492281 -0.382683 5.2691e-16 -0.92388
7.20568e-17 -0.176777 -1.17678 0.222674 0.527746 -1.1376e-17 -0.709113 -0.705095
6.12323e-17 -0.25 -1 0.563984 0.452082 3.76617e-18 -1 1.20517e-16
-0.382683 -0.25 -0.92388 0.65184 0.435983 8.28557e-17 -1 1.35582e-16
7.20568e-17 -0.176777 -1.17678 0.563984 0.495883 -1.1376e-17 -0.709113 -0.705095
0.382683 -0.25 -0.92388 0.573729 0.276081 -6.59079e-17 -1 4.5194e-17
5.04079e-17 -0.176777 -0.823223 0.661585 0.248378 -3.79198e-18 -0.709113 0.705095
6.12323e-17 -0.25 -1 0.661585 0.292179 3.76617e-18 -1 1.20517e-16
5.04079e-17 -0.176777 -0.823223 0.455556 0.188478 -3.79198e-18 -0.709113 0.705095
-0.382683 -0.25 -0.92388 0.543412 0.21618 8.28557e-17 -1 1.35582e-16
6.12323e-17 -0.25 -1 0.455556 0.232279 3.76617e-18 -1 1.20517e-16
-0.315034 -0.176777 -0.760559 0.527881 0.175225 0.269828 -0.709113 0.651423
-0.382683 -0.25 -0.92388 0.543412 0.21618 8.28557e-17 -1 1.35582e-16
5.04079e-17 -0.176777 -0.823223 0.455556 0.188478 -3.79198e-18 -0.709113 0.705095
4.59243e-17 -3.06162e-17 -0.75 0.926676 0.858594 -1.52728e-17 -3.66546e-16 1
-0.287013 -3.06162e-17 -0.69291 0.993478 0.853592 0.382683 -3.20728e-16 0.92388
5.04079e-17 -0.176777 -0.823223 0.926676 0.902395 -3.79198e-18 -0.709113 0.705095
0.287013 -3.06162e-17 -0.69291 0.933198 0.80479 -0.382683 -4.20001e-16 0.92388
5.04079e-17 0.176777 -0.823223 1 0.755987 -1.89599e-18 0.709113 0.705095
4.59243e-17 -3.06162e-17 -0.75 1 0.799788 -1.52728e-17 -3.66546e-16 1
5.04079e-17 0.176777 -0.823223 0.926676 0.951197 -1.89599e-18 0.709113 0.705095
-0.287013 -3.06162e-17 -0.69291 0.993478 1 0.382683 -3.20728e-16 0.92388
4.59243e-17 -3.06162e-17 -0.75 0.926676 0.994999 -1.52728e-17 -3.66546e-16 1
-0.315034 0.176777 -0.760559 1 0.956687 0.269828 0.709113 0.651423
-0.287013 -3.06162e-17 -0.69291 0.993478 1 0.382683 -3.20728e-16 0.92388
5.04079e-17 0.176777 -0.823223 0.926676 0.951197 -1.89599e-18 0.709113 0.705095
6.12323e-17 0.25 -1 0.749441 0.292179 7.53233e-18 1 -2.71164e-16
-0.382683 0.25 -0.92388 0.661585 0.276081 3.76617e-17 1 -3.76617e-17
5.04079e-17 0.176777 -0.823223 0.749441 0.248378 -1.89599e-18 0.709113 0.705095
0.382683 0.25 -0.92388 0.191243 0.232279 1.88308e-17 1 -1.2805e-16
7.20568e-17 0.176777 -1.17678 0.103387 0.292179 7.58397e-18 0.709113 -0.705095
6.12323e-17 0.25 -1 0.103387 0.248378 7.53233e-18 1 -2.71164e-16
7.20568e-17 0.176777 -1.17678 0.310161 0.292179 7.58397e-18 0.709113 -0.705095
-0.382683 0.25 -0.92388 0.222305 0.232279 3.76617e-17 1 -3.76617e-17
6.12323e-17 0.25 -1 0.310161 0.248378 7.53233e-18 1 -2.71164e-16
7.65404e-17 0 -1.25 0.111337 0.587242 -2.29091e-17 4.73455e-16 -1
-0.478354 0 -1.15485 0 0.578907 -0.382683 5.2691e-16 -0.92388
7.20568e-17 0.176777 -1.17678 0.111337 0.543441 7.58397e-18 0.709113 -0.705095
-0.450333 0.176777 -1.0872 0.206774 0.273235 -0.269828 0.709113 -0.651423
-0.382683 0.25 -0.92388 0.222305 0.232279 3.76617e-17 1 -3.76617e-17
7.20568e-17 0.176777 -1.17678 0.310161 0.292179 7.58397e-18 0.709113 -0.705095
-0.450333 -0.176777 -1.0872 0.231517 0.699193 -0.269828 -0.709113 -0.651423
-0.832107 -0.176777 -0.832107 0.129583 0.724828 -0.498577 -0.709113 -0.498577
-0.478354 0 -1.15485 0.224036 0.656035 -0.382683 5.2691e-16 -0.92388
-0.883883 0 -0.883883 0.115759 0.972769 -0.707107 5.04001e-16 -0.707107
-0.832107 0.176777 -0.832107 0.129583 0.931207 -0.498577 0.709113 -0.498577
-0.478354 0 -1.15485 0.224036 1 -0.382683 5.2691e-16 -0.92388
7.20568e-17 -0.176777 -1.17678 0.563984 0.495883 -1.1376e-17 -0.709113 -0.705095
-0.382683 -0.25 -0.92388 0.65184 0.435983 8.28557e-17 -1 1.35582e-16
-0.450333 -0.176777 -1.0872 0.667371 0.476939 -0.269828 -0.709113 -0.651423
-0.382683 -0.25 -0.92388 0.458613 0.783874 8.28557e-17 -1 1.35582e-16
-0.832107 -0.176777 -0.832107 0.563984 0.769606 -0.498577 -0.709113 -0.498577
-0.450333 -0.176777 -1.0872 0.474474 0.824702 -0.269828 -0.709113 -0.651423
-0.707107 -0.25 -0.707107 0.534677 0.737054 1.80776e-16 -1 4.21811e-16
-0.832107 -0.176777 -0.832107 0.563984 0.769606 -0.498577 -0.709113 -0.498577
-0.382683 -0.25 -0.92388 0.458613 0.783874 8.28557e-17 -1 1.35582e-16
-0.315034 -0.176777 -0.760559 0.669356 0.488459 0.269828 -0.709113 0.651423
-0.582107 -0.176777 -0.582107 0.731973 0.449916 0.498577 -0.709113 0.498577
-0.382683 -0.25 -0.92388 0.685217 0.529288 8.28557e-17 -1 1.35582e-16
5.04079e-17 -0.176777 -0.823223 0.926676 0.902395 -3.79198e-18 -0.709113 0.705095
-0.287013 -3.06162e-17 -0.69291 0.993478 0.853592 0.382683 -3.20728e-16 0.92388
-0.315034 -0.176777 -0.760559 1 0.896905 0.269828 -0.709113 0.651423
-0.287013 -3.06162e-17 -0.69291 0.205889 0.10975 0.382683 -3.20728e-16 0.92388
-0.582107 -0.176777 -0.582107 0.284679 0.134974 0.498577 -0.709113 0.498577
-0.315034 -0.176777 -0.760559 0.213371 0.152907 0.269828 -0.709113 0.651423
-0.53033 -3.06162e-17 -0.53033 0.270855 0.0934113 0.707107 -4.58183e-16 0.707107
-0.582107 -0.176777 -0.582107 0.284679 0.134974 0.498577 -0.709113 0.498577
-0.287013 -3.06162e-17 -0.69291 0.205889 0.10975 0.382683 -3.20728e-16 0.92388
-0.315034 0.176777 -0.760559 0.607324 0.0934113 0.269828 0.709113 0.651423
-0.582107 0.176777 -0.582107 0.678633 0.111345 0.498577 0.709113 0.498577
-0.287013 -3.06162e-17 -0.69291 0.599842 0.136569 0.382683 -3.20728e-16 0.92388
5.04079e-17 0.176777 -0.823223 0.749441 0.248378 -1.89599e-18 0.709113 0.705095
-0.382683 0.25 -0.92388 0.661585 0.276081 3.76617e-17 1 -3.76617e-17
-0.315034 0.176777 -0.760559 0.677116 0.235125 0.269828 0.709113 0.651423
-0.382683 0.25 -0.92388 0.74542 0.688032 3.76617e-17 1 -3.76617e-17
-0.582107 0.176777 -0.582107 0.698663 0.60866 0.498577 0.709113 0.498577
-0.315034 0.176777 -0.760559 0.761281 0.647203 0.269828 0.709113 0.651423
-0.707107 0.25 -0.707107 0.669356 0.641212 -1.80776e-16 1 -6.7791e-17
-0.582107 0.176777 -0.582107 0.698663 0.60866 0.498577 0.709113 0.498577
-0.382683 0.25 -0.92388 0.74542 0.688032 3.76617e-17 1 -3.76617e-17
-0.450333 0.176777 -1.0872 0.548123 0.912351 -0.269828 0.709113 -0.651423
-0.832107 0.176777 -0.832107 0.458613 0.857254 -0.498577 0.709113 -0.498577
-0.382683 0.25 -0.92388 0.563984 0.871523 3.76617e-17 1 -3.76617e-17
7.20568e-17 0.176777 -1.17678 0.111337 0.543441 7.58397e-18 0.709113 -0.705095
-0.478354 0 -1.15485 0 0.578907 -0.382683 5.2691e-16 -0.92388
-0.450333 0.176777 -1.0872 0.00652197 0.535594 -0.269828 0.709113 -0.651423
-0.478354 0 -1.15485 0.224036 1 -0.382683 5.2691e-16 -0.92388
-0.832107 0.176777 -0.832107 0.129583 0.931207 -0.498577 0.709113 -0.498577
-0.450333 0.176777 -1.0872 0.231517 0.956842 -0.269828 0.709113 -0.651423
-0.478354 0 -1.15485 0.224036 0.656035 -0.382683 5.2691e-16 -0.92388
-0.832107 -0.176777 -0.832107 0.129583 0.724828 -0.498577 -0.709113 -0.498577
-0.883883 0 -0.883883 0.115759 0.683266 -0.707107 5.04001e-16 -0.707107
-0.832107 -0.176777 -0.832107 0.217693 0.931207 -0.498577 -0.709113 -0.498577
-1.15485 0 -0.478354 0.12324 0.862414 -0.92388 5.19273e-16 -0.382683
-0.883883 0 -0.883883 0.231517 0.889645 -0.707107 5.04001e-16 -0.707107
-1.0872 -0.176777 -0.450333 0.115759 0.905572 -0.651423 -0.709113 -0.269828
-1.15485 0 -0.478354 0.12324 0.862414 -0.92388 5.19273e-16 -0.382683
-0.832107 -0.176777 -0.832107 0.217693 0.931207 -0.498577 -0.709113 -0.498577
-0.707107 -0.25 -0.707107 0.217216 0.364609 1.80776e-16 -1 4.21811e-16
-0.92388 -0.25 -0.382683 0.269659 0.292307 -7.53233e-18 -1 7.15572e-17
-0.832107 -0.176777 -0.832107 0.247457 0.396296 -0.498577 -0.709113 -0.498577
-0.382683 -0.25 -0.92388 0.685217 0.529288 8.28557e-17 -1 1.35582e-16
-0.582107 -0.176777 -0.582107 0.731973 0.449916 0.498577 -0.709113 0.498577
-0.707107 -0.25 -0.707107 0.761281 0.482468 1.80776e-16 -1 4.21811e-16
-0.582107 -0.176777 -0.582107 0.76131 0.785897 0.498577 -0.709113 0.498577
-0.92388 -0.25 -0.382683 0.843993 0.745282 -7.53233e-18 -1 7.15572e-17
-0.707107 -0.25 -0.707107 0.79155 0.817584 1.80776e-16 -1 4.21811e-16
-0.760559 -0.176777 -0.315034 0.804482 0.726376 0.651423 -0.709113 0.269828
-0.92388 -0.25 -0.382683 0.843993 0.745282 -7.53233e-18 -1 7.15572e-17
-0.582107 -0.176777 -0.582107 0.76131 0.785897 0.498577 -0.709113 0.498577
-0.53033 -3.06162e-17 -0.53033 0.636027 0.172783 0.707107 -4.58183e-16 0.707107
-0.69291 -3.06162e-17 -0.287013 0.700993 0.189122 0.92388 -4.50546e-16 0.382683
-0.582107 -0.176777 -0.582107 0.622203 0.214346 0.498577 -0.709113 0.498577
-0.287013 -3.06162e-17 -0.69291 0.599842 0.136569 0.382683 -3.20728e-16 0.92388
-0.582107 0.176777 -0.582107 0.678633 0.111345 0.498577 0.709113 0.498577
-0.53033 -3.06162e-17 -0.53033 0.664808 0.152907 0.707107 -4.58183e-16 0.707107
-0.582107 0.176777 -0.582107 0.127098 0.111345 0.498577 0.709113 0.498577
-0.69291 -3.06162e-17 -0.287013 0.205889 0.136569 0.92388 -4.50546e-16 0.382683
-0.53033 -3.06162e-17 -0.53033 0.140923 0.152907 0.707107 -4.58183e-16 0.707107
-0.760559 0.176777 -0.315034 0.198407 0.0934113 0.651423 0.709113 0.269828
-0.69291 -3.06162e-17 -0.287013 0.205889 0.136569 0.92388 -4.50546e-16 0.382683
-0.582107 0.176777 -0.582107 0.127098 0.111345 0.498577 0.709113 0.498577
-0.707107 0.25 -0.707107 0.896435 0.908792 -1.80776e-16 1 -6.7791e-17
-0.92388 0.25 -0.382683 0.843993 0.83649 -2.2597e-16 1 -6.96741e-17
-0.582107 0.176777 -0.582107 0.926676 0.877105 0.498577 0.709113 0.498577
-0.382683 0.25 -0.92388 0.563984 0.871523 3.76617e-17 1 -3.76617e-17
-0.832107 0.176777 -0.832107 0.458613 0.857254 -0.498577 0.709113 -0.498577
-0.707107 0.25 -0.707107 0.48792 0.824702 -1.80776e-16 1 -6.7791e-17
-0.832107 0.176777 -0.832107 0.554791 0.396296 -0.498577 0.709113 -0.498577
-0.92388 0.25 -0.382683 0.532589 0.292307 -2.2597e-16 1 -6.96741e-17
-0.707107 0.25 -0.707107 0.585031 0.364609 -1.80776e-16 1 -6.7791e-17
-0.883883 0 -0.883883 0.347276 0.972769 -0.707107 5.04001e-16 -0.707107
-1.15485 0 -0.478354 0.238999 1 -0.92388 5.19273e-16 -0.382683
-0.832107 0.176777 -0.832107 0.333452 0.931207 -0.498577 0.709113 -0.498577
-1.0872 0.176777 -0.450333 0.493078 0.311213 -0.651423 0.709113 -0.269828
-0.92388 0.25 -0.382683 0.532589 0.292307 -2.2597e-16 1 -6.96741e-17
-0.832107 0.176777 -0.832107 0.554791 0.396296 -0.498577 0.709113 -0.498577
-1.0872 -0.176777 -0.450333 0.452091 0.896703 -0.651423 -0.709113 -0.269828
-1.17678 -0.176777 -1.44114e-16 0.347276 0.888856 -0.705095 -0.709113 -3.60238e-17
-1.15485 0 -0.478354 0.458613 0.85339 -0.92388 5.19273e-16 -0.382683
-1.25 0 -1.53081e-16 2.08167e-17 0.535594 -1 1.08437e-15 -0
-1.17678 0.176777 -1.44114e-16 0 0.491792 -0.705095 0.709113 -9.47996e-17
-1.15485 0 -0.478354 0.111337 0.527258 -0.92388 5.19273e-16 -0.382683
-0.832107 -0.176777 -0.832107 0.247457 0.396296 -0.498577 -0.709113 -0.498577
-0.92388 -0.25 -0.382683 0.269659 0.292307 -7.53233e-18 -1 7.15572e-17
-1.0872 -0.176777 -0.450333 0.30917 0.311213 -0.651423 -0.709113 -0.269828
-0.92388 -0.25 -0.382683 0.563984 0.687307 -7.53233e-18 -1 7.15572e-17
-1.17678 -0.176777 -1.44114e-16 0.626616 0.601377 -0.705095 -0.709113 -3.60238e-17
-1.0872 -0.176777 -0.450333 0.604432 0.704117 -0.651423 -0.709113 -0.269828
-1 -0.25 -1.22465e-16 0.582836 0.6 0 -1 -5.64925e-17
-1.17678 -0.176777 -1.44114e-16 0.626616 0.601377 -0.705095 -0.709113 -3.60238e-17
-0.92388 -0.25 -0.382683 0.563984 0.687307 -7.53233e-18 -1 7.15572e-17
-0.760559 -0.176777 -0.315034 0.843993 0.529675 0.651423 -0.709113 0.269828
-0.823223 -0.176777 -1.00816e-16 0.859512 0.457802 0.705095 -0.709113 1.1376e-16
-0.92388 -0.25 -0.382683 0.88444 0.546485 -7.53233e-18 -1 7.15572e-17
-0.582107 -0.176777 -0.582107 0.622203 0.214346 0.498577 -0.709113 0.498577
-0.69291 -3.06162e-17 -0.287013 0.700993 0.189122 0.92388 -4.50546e-16 0.382683
-0.760559 -0.176777 -0.315034 0.693512 0.232279 0.651423 -0.709113 0.269828
-0.69291 -3.06162e-17 -0.287013 0.677372 0.0240726 0.92388 -4.50546e-16 0.382683
-0.823223 -0.176777 -1.00816e-16 0.744174 0.0728752 0.705095 -0.709113 1.1376e-16
-0.760559 -0.176777 -0.315034 0.67085 0.0673857 0.651423 -0.709113 0.269828
-0.75 -3.06162e-17 -9.18485e-17 0.744174 0.0290739 1 -2.44364e-16 1.90909e-16
-0.823223 -0.176777 -1.00816e-16 0.744174 0.0728752 0.705095 -0.709113 1.1376e-16
-0.69291 -3.06162e-17 -0.287013 0.677372 0.0240726 0.92388 -4.50546e-16 0.382683
-0.760559 0.176777 -0.315034 0.926676 0.810279 0.651423 0.709113 0.269828
-0.823223 0.176777 -1.00816e-16 1 0.80479 0.705095 0.709113 1.47887e-16
-0.69291 -3.06162e-17 -0.287013 0.933198 0.853592 0.92388 -4.50546e-16 0.382683
-0.582107 0.176777 -0.582107 0.926676 0.877105 0.498577 0.709113 0.498577
-0.92388 0.25 -0.382683 0.843993 0.83649 -2.2597e-16 1 -6.96741e-17
-0.760559 0.176777 -0.315034 0.883504 0.817584 0.651423 0.709113 0.269828
-0.92388 0.25 -0.382683 0.780161 0.371644 -2.2597e-16 1 -6.96741e-17
-0.823223 0.176777 -1.00816e-16 0.805089 0.28296 0.705095 0.709113 1.47887e-16
-0.760559 0.176777 -0.315034 0.820608 0.354833 0.651423 0.709113 0.269828
-1 0.25 -1.22465e-16 0.76131 0.284337 -3.01293e-16 1 4.5194e-17
-0.823223 0.176777 -1.00816e-16 0.805089 0.28296 0.705095 0.709113 1.47887e-16
-0.92388 0.25 -0.382683 0.780161 0.371644 -2.2597e-16 1 -6.96741e-17
-1.0872 0.176777 -0.450333 0.586169 0.808234 -0.651423 0.709113 -0.269828
-1.17678 0.176777 -1.44114e-16 0.563984 0.705494 -0.705095 0.709113 -9.47996e-17
-0.92388 0.25 -0.382683 0.626616 0.791424 -2.2597e-16 1 -6.96741e-17
-0.832107 0.176777 -0.832107 0.333452 0.931207 -0.498577 0.709113 -0.498577
-1.15485 0 -0.478354 0.238999 1 -0.92388 5.19273e-16 -0.382683
-1.0872 0.176777 -0.450333 0.231517 0.956842 -0.651423 0.709113 -0.269828
-1.15485 0 -0.478354 0.111337 0.527258 -0.92388 5.19273e-16 -0.382683
-1.17678 0.176777 -1.44114e-16 0 0.491792 -0.705095 0.709113 -9.47996e-17
-1.0872 0.176777 -0.450333 0.104815 0.483945 -0.651423 0.709113 -0.269828
-1.15485 0 -0.478354 0.458613 0.85339 -0.92388 5.19273e-16 -0.382683
-1.17678 -0.176777 -1.44114e-16 0.347276 0.888856 -0.705095 -0.709113 -3.60238e-17
-1.25 0 -1.53081e-16 0.347276 0.845055 -1 1.08437e-15 -0
-1.17678 -0.176777 -1.44114e-16 0.458613 0.733911 -0.705095 -0.709113 -3.60238e-17
-1.15485 0 0.478354 0.347276 0.698445 -0.92388 -3.28364e-16 0.382683
-1.25 0 -1.53081e-16 0.458613 0.690109 -1 1.08437e-15 -0
-1.0872 -0.176777 0.450333 0.353798 0.741758 -0.651423 -0.709113 0.269828
-1.15485 0 0.478354 0.347276 0.698445 -0.92388 -3.28364e-16 0.382683
-1.17678 -0.176777 -1.44114e-16 0.458613 0.733911 -0.705095 -0.709113 -3.60238e-17
-1 -0.25 -1.22465e-16 0.0188516 0.396296 0 -1 -5.64925e-17
-0.92388 -0.25 0.382683 0 0.30899 7.53233e-18 -1 5.64925e-18
-1.17678 -0.176777 -1.44114e-16 0.0626313 0.39492 -0.705095 -0.709113 -3.60238e-17
-0.92388 -0.25 -0.382683 0.88444 0.546485 -7.53233e-18 -1 7.15572e-17
-0.823223 -0.176777 -1.00816e-16 0.859512 0.457802 0.705095 -0.709113 1.1376e-16
-1 -0.25 -1.22465e-16 0.903291 0.459178 0 -1 -5.64925e-17
-0.823223 -0.176777 -1.00816e-16 0.776829 0.54901 0.705095 -0.709113 1.1376e-16
-0.92388 -0.25 0.382683 0.801757 0.460327 7.53233e-18 -1 5.64925e-18
-1 -0.25 -1.22465e-16 0.820608 0.547633 0 -1 -5.64925e-17
-0.760559 -0.176777 0.315034 0.76131 0.477137 0.651423 -0.709113 -0.269828
-0.92388 -0.25 0.382683 0.801757 0.460327 7.53233e-18 -1 5.64925e-18
-0.823223 -0.176777 -1.00816e-16 0.776829 0.54901 0.705095 -0.709113 1.1376e-16
-0.75 -3.06162e-17 -9.18485e-17 0.744174 0.0290739 1 -2.44364e-16 1.90909e-16
-0.69291 -3.06162e-17 0.287013 0.810977 0.0240726 0.92388 -2.13818e-16 -0.382683
-0.823223 -0.176777 -1.00816e-16 0.744174 0.0728752 0.705095 -0.709113 1.1376e-16
-0.69291 -3.06162e-17 -0.287013 0.933198 0.853592 0.92388 -4.50546e-16 0.382683
-0.823223 0.176777 -1.00816e-16 1 0.80479 0.705095 0.709113 1.47887e-16
-0.75 -3.06162e-17 -9.18485e-17 1 0.848591 1 -2.44364e-16 1.90909e-16
-0.823223 0.176777 -1.00816e-16 0.926676 0.707185 0.705095 0.709113 1.47887e-16
-0.69291 -3.06162e-17 0.287013 0.993478 0.755987 0.92388 -2.13818e-16 -0.382683
-0.75 -3.06162e-17 -9.18485e-17 0.926676 0.750986 1 -2.44364e-16 1.90909e-16
-0.760559 0.176777 0.315034 1 0.712674 0.651423 0.709113 -0.269828
-0.69291 -3.06162e-17 0.287013 0.993478 0.755987 0.92388 -2.13818e-16 -0.382683
-0.823223 0.176777 -1.00816e-16 0.926676 0.707185 0.705095 0.709113 1.47887e-16
-1 0.25 -1.22465e-16 0.76131 0.45895 -3.01293e-16 1 4.5194e-17
-0.92388 0.25 0.382683 0.780161 0.371644 5.27263e-17 1 -2.2597e-17
-0.823223 0.176777 -1.00816e-16 0.805089 0.460327 0.705095 0.709113 1.47887e-16
-0.92388 0.25 -0.382683 0.626616 0.791424 -2.2597e-16 1 -6.96741e-17
-1.17678 0.176777 -1.44114e-16 0.563984 0.705494 -0.705095 0.709113 -9.47996e-17
-1 0.25 -1.22465e-16 0.607764 0.704117 -3.01293e-16 1 4.5194e-17
-1.17678 0.176777 -1.44114e-16 0.0626313 0.39492 -0.705095 0.709113 -9.47996e-17
-0.92388 0.25 0.382683 0.125263 0.30899 5.27263e-17 1 -2.2597e-17
-1 0.25 -1.22465e-16 0.106411 0.396296 -3.01293e-16 1 4.5194e-17
-1.25 0 -1.53081e-16 0.458613 0.793406 -1 1.08437e-15 -0
-1.15485 0 0.478354 0.347276 0.785071 -0.92388 -3.28364e-16 0.382683
-1.17678 0.176777 -1.44114e-16 0.458613 0.749605 -0.705095 0.709113 -9.47996e-17
-1.0872 0.176777 0.450333 0.0848155 0.292179 -0.651423 0.709113 0.269828
-0.92388 0.25 0.382683 0.125263 0.30899 5.27263e-17 1 -2.2597e-17
-1.17678 0.176777 -1.44114e-16 0.0626313 0.39492 -0.705095 0.709113 -9.47996e-17
-1.0872 -0.176777 0.450333 0.115759 0.699193 -0.651423 -0.709113 0.269828
-0.832107 -0.176777 0.832107 0.0138245 0.724828 -0.498577 -0.709113 0.498577
-1.15485 0 0.478354 0.108277 0.656035 -0.92388 -3.28364e-16 0.382683
-0.883883 0 0.883883 0 0.972769 -0.707107 1.19127e-15 0.707107
-0.832107 0.176777 0.832107 0.0138245 0.931207 -0.498577 0.709113 0.498577
-1.15485 0 0.478354 0.108277 1 -0.92388 -3.28364e-16 0.382683
-1.17678 -0.176777 -1.44114e-16 0.0626313 0.39492 -0.705095 -0.709113 -3.60238e-17
-0.92388 -0.25 0.382683 0 0.30899 7.53233e-18 -1 5.64925e-18
-1.0872 -0.176777 0.450333 0.0404471 0.292179 -0.651423 -0.709113 0.269828
-0.92388 -0.25 0.382683 0.453567 0.396296 7.53233e-18 -1 5.64925e-18
-0.832107 -0.176777 0.832107 0.431364 0.292307 -0.498577 -0.709113 0.498577
-1.0872 -0.176777 0.450333 0.493078 0.377391 -0.651423 -0.709113 0.269828
-0.707107 -0.25 0.707107 0.401124 0.323994 2.86229e-16 -1 -1.80776e-16
-0.832107 -0.176777 0.832107 0.431364 0.292307 -0.498577 -0.709113 0.498577
-0.92388 -0.25 0.382683 0.453567 0.396296 7.53233e-18 -1 5.64925e-18
-0.760559 -0.176777 0.315034 0.804482 0.908792 0.651423 -0.709113 -0.269828
-0.582107 -0.176777 0.582107 0.76131 0.849271 0.498577 -0.709113 -0.498577
-0.92388 -0.25 0.382683 0.843993 0.889886 7.53233e-18 -1 5.64925e-18
-0.823223 -0.176777 -1.00816e-16 0.744174 0.0728752 0.705095 -0.709113 1.1376e-16
-0.69291 -3.06162e-17 0.287013 0.810977 0.0240726 0.92388 -2.13818e-16 -0.382683
-0.760559 -0.176777 0.315034 0.817499 0.0673857 0.651423 -0.709113 -0.269828
-0.69291 -3.06162e-17 0.287013 0.36347 0.10975 0.92388 -2.13818e-16 -0.382683
-0.582107 -0.176777 0.582107 0.442261 0.134974 0.498577 -0.709113 -0.498577
-0.760559 -0.176777 0.315034 0.370952 0.152907 0.651423 -0.709113 -0.269828
-0.53033 -3.06162e-17 0.53033 0.428436 0.0934113 0.707107 -4.73455e-16 -0.707107
-0.582107 -0.176777 0.582107 0.442261 0.134974 0.498577 -0.709113 -0.498577
-0.69291 -3.06162e-17 0.287013 0.36347 0.10975 0.92388 -2.13818e-16 -0.382683
-0.760559 0.176777 0.315034 0.449742 0.0934113 0.651423 0.709113 -0.269828
-0.582107 0.176777 0.582107 0.521051 0.111345 0.498577 0.709113 -0.498577
-0.69291 -3.06162e-17 0.287013 0.442261 0.136569 0.92388 -2.13818e-16 -0.382683
-0.823223 0.176777 -1.00816e-16 0.805089 0.460327 0.705095 0.709113 1.47887e-16
-0.92388 0.25 0.382683 0.780161 0.371644 5.27263e-17 1 -2.2597e-17
-0.760559 0.176777 0.315034 0.820608 0.388454 0.651423 0.709113 -0.269828
-0.92388 0.25 0.382683 0.843993 0.981094 5.27263e-17 1 -2.2597e-17
-0.582107 0.176777 0.582107 0.926676 0.940479 0.498577 0.709113 -0.498577
-0.760559 0.176777 0.315034 0.883504 1 0.651423 0.709113 -0.269828
-0.707107 0.25 0.707107 0.896435 0.908792 -9.0388e-17 1 -0
-0.582107 0.176777 0.582107 0.926676 0.940479 0.498577 0.709113 -0.498577
-0.92388 0.25 0.382683 0.843993 0.981094 5.27263e-17 1 -2.2597e-17
-1.0872 0.176777 0.450333 0.669356 0.877105 -0.651423 0.709113 0.269828
-0.832107 0.176777 0.832107 0.731069 0.792021 -0.498577 0.709113 0.498577
-0.92388 0.25 0.382683 0.708867 0.896011 5.27263e-17 1 -2.2597e-17
-1.17678 0.176777 -1.44114e-16 0.458613 0.749605 -0.705095 0.709113 -9.47996e-17
-1.15485 0 0.478354 0.347276 0.785071 -0.92388 -3.28364e-16 0.382683
-1.0872 0.176777 0.450333 0.353798 0.741758 -0.651423 0.709113 0.269828
-1.15485 0 0.478354 0.108277 1 -0.92388 -3.28364e-16 0.382683
-0.832107 0.176777 0.832107 0.0138245 0.931207 -0.498577 0.709113 0.498577
-1.0872 0.176777 0.450333 0.115759 0.956842 -0.651423 0.709113 0.269828
-1.15485 0 0.478354 0.108277 0.656035 -0.92388 -3.28364e-16 0.382683
-0.832107 -0.176777 0.832107 0.0138245 0.724828 -0.498577 -0.709113 0.498577
-0.883883 0 0.883883 0 0.683266 -0.707107 1.19127e-15 0.707107
-0.832107 -0.176777 0.832107 0.217693 0.793621 -0.498577 -0.709113 0.498577
-0.478354 0 1.15485 0.12324 0.724828 -0.382683 6.1091e-16 0.92388
-0.883883 0 0.883883 0.231517 0.752059 -0.707107 1.19127e-15 0.707107
-0.450333 -0.176777 1.0872 0.115759 0.767986 -0.269828 -0.709113 0.651423
-0.478354 0 1.15485 0.12324 0.724828 -0.382683 6.1091e-16 0.92388
-0.832107 -0.176777 0.832107 0.217693 0.793621 -0.498577 -0.709113 0.498577
-0.707107 -0.25 0.707107 0.534677 0.649405 2.86229e-16 -1 -1.80776e-16
-0.382683 -0.25 0.92388 0.458613 0.602585 8.47387e-17 -1 -1.50647e-16
-0.832107 -0.176777 0.832107 0.563984 0.616853 -0.498577 -0.709113 0.498577
-0.92388 -0.25 0.382683 0.843993 0.889886 7.53233e-18 -1 5.64925e-18
-0.582107 -0.176777 0.582107 0.76131 0.849271 0.498577 -0.709113 -0.498577
-0.707107 -0.25 0.707107 0.79155 0.817584 2.86229e-16 -1 -1.80776e-16
-0.582107 -0.176777 0.582107 0.338393 0.232279 0.498577 -0.709113 -0.498577
-0.382683 -0.25 0.92388 0.291636 0.152907 8.47387e-17 -1 -1.50647e-16
-0.707107 -0.25 0.707107 0.3677 0.199727 2.86229e-16 -1 -1.80776e-16
-0.315034 -0.176777 0.760559 0.275775 0.193736 0.269828 -0.709113 -0.651423
-0.382683 -0.25 0.92388 0.291636 0.152907 8.47387e-17 -1 -1.50647e-16
-0.582107 -0.176777 0.582107 0.338393 0.232279 0.498577 -0.709113 -0.498577
-0.53033 -3.06162e-17 0.53033 0.771248 0.0934113 0.707107 -4.73455e-16 -0.707107
-0.287013 -3.06162e-17 0.69291 0.836214 0.10975 0.382683 -3.05455e-16 -0.92388
-0.582107 -0.176777 0.582107 0.757423 0.134974 0.498577 -0.709113 -0.498577
-0.69291 -3.06162e-17 0.287013 0.442261 0.136569 0.92388 -2.13818e-16 -0.382683
-0.582107 0.176777 0.582107 0.521051 0.111345 0.498577 0.709113 -0.498577
-0.53033 -3.06162e-17 0.53033 0.507227 0.152907 0.707107 -4.73455e-16 -0.707107
-0.582107 0.176777 0.582107 0.836214 0.111345 0.498577 0.709113 -0.498577
-0.287013 -3.06162e-17 0.69291 0.915004 0.136569 0.382683 -3.05455e-16 -0.92388
-0.53033 -3.06162e-17 0.53033 0.850038 0.152907 0.707107 -4.73455e-16 -0.707107
-0.315034 0.176777 0.760559 0.907523 0.0934113 0.269828 0.709113 -0.651423
-0.287013 -3.06162e-17 0.69291 0.915004 0.136569 0.382683 -3.05455e-16 -0.92388
-0.582107 0.176777 0.582107 0.836214 0.111345 0.498577 0.709113 -0.498577
-0.707107 0.25 0.707107 0 0.199727 -9.0388e-17 1 -0
-0.382683 0.25 0.92388 0.076064 0.152907 6.7791e-17 1 8.28557e-17
-0.582107 0.176777 0.582107 0.0293074 0.232279 0.498577 0.709113 -0.498577
-0.92388 0.25 0.382683 0.708867 0.896011 5.27263e-17 1 -2.2597e-17
-0.832107 0.176777 0.832107 0.731069 0.792021 -0.498577 0.709113 0.498577
-0.707107 0.25 0.707107 0.76131 0.823708 -9.0388e-17 1 -0
-0.832107 0.176777 0.832107 0.563984 0.967448 -0.498577 0.709113 0.498577
-0.382683 0.25 0.92388 0.669356 0.95318 6.7791e-17 1 8.28557e-17
-0.707107 0.25 0.707107 0.593292 1 -9.0388e-17 1 -0
-0.883883 0 0.883883 0.347276 0.835184 -0.707107 1.19127e-15 0.707107
-0.478354 0 1.15485 0.238999 0.862414 -0.382683 6.1091e-16 0.92388
-0.832107 0.176777 0.832107 0.333452 0.793621 -0.498577 0.709113 0.498577
-0.450333 0.176777 1.0872 0.653495 0.912351 -0.269828 0.709113 0.651423
-0.382683 0.25 0.92388 0.669356 0.95318 6.7791e-17 1 8.28557e-17
-0.832107 0.176777 0.832107 0.563984 0.967448 -0.498577 0.709113 0.498577
-0.450333 -0.176777 1.0872 0.331911 0.656035 -0.269828 -0.709113 0.651423
-2.1617e-16 -0.176777 1.17678 0.227096 0.648188 -1.1376e-17 -0.709113 0.705095
-0.478354 0 1.15485 0.338433 0.612722 -0.382683 6.1091e-16 0.92388
-2.29621e-16 0 1.25 0.115759 0.656035 -1.52728e-17 5.19273e-16 1
-2.1617e-16 0.176777 1.17678 0.115759 0.612234 -1.1376e-17 0.709113 0.705095
-0.478354 0 1.15485 0.227096 0.6477 -0.382683 6.1091e-16 0.92388
-0.832107 -0.176777 0.832107 0.563984 0.616853 -0.498577 -0.709113 0.498577
-0.382683 -0.25 0.92388 0.458613 0.602585 8.47387e-17 -1 -1.50647e-16
-0.450333 -0.176777 1.0872 0.474474 0.561756 -0.269828 -0.709113 0.651423
-0.382683 -0.25 0.92388 0.505373 0.483945 8.47387e-17 -1 -1.50647e-16
-2.1617e-16 -0.176777 1.17678 0.417517 0.424045 -1.1376e-17 -0.709113 0.705095
-0.450333 -0.176777 1.0872 0.520904 0.44299 -0.269828 -0.709113 0.651423
-1.83697e-16 -0.25 1 0.417517 0.467846 1.09219e-16 -1 -3.01293e-17
-2.1617e-16 -0.176777 1.17678 0.417517 0.424045 -1.1376e-17 -0.709113 0.705095
-0.382683 -0.25 0.92388 0.505373 0.483945 8.47387e-17 -1 -1.50647e-16
-0.315034 -0.176777 0.760559 0.741681 0.370544 0.269828 -0.709113 -0.651423
-1.51224e-16 -0.176777 0.823223 0.669356 0.357291 1.44095e-16 -0.709113 -0.705095
-0.382683 -0.25 0.92388 0.757212 0.329588 8.47387e-17 -1 -1.50647e-16
-0.582107 -0.176777 0.582107 0.757423 0.134974 0.498577 -0.709113 -0.498577
-0.287013 -3.06162e-17 0.69291 0.836214 0.10975 0.382683 -3.05455e-16 -0.92388
-0.315034 -0.176777 0.760559 0.828732 0.152907 0.269828 -0.709113 -0.651423
-0.287013 -3.06162e-17 0.69291 0.310752 0.0240726 0.382683 -3.05455e-16 -0.92388
-1.51224e-16 -0.176777 0.823223 0.377554 0.0728752 1.44095e-16 -0.709113 -0.705095
-0.315034 -0.176777 0.760559 0.30423 0.0673857 0.269828 -0.709113 -0.651423
-1.37773e-16 -3.06162e-17 0.75 0.377554 0.0290739 1.52728e-17 -3.66546e-16 -1
-1.51224e-16 -0.176777 0.823223 0.377554 0.0728752 1.44095e-16 -0.709113 -0.705095
-0.287013 -3.06162e-17 0.69291 0.310752 0.0240726 0.382683 -3.05455e-16 -0.92388
-0.315034 0.176777 0.760559 0.524202 0.0295622 0.269828 0.709113 -0.651423
-1.51224e-16 0.176777 0.823223 0.597526 0.0240726 4.36078e-17 0.709113 -0.705095
-0.287013 -3.06162e-17 0.69291 0.530724 0.0728752 0.382683 -3.05455e-16 -0.92388
-0.582107 0.176777 0.582107 0.0293074 0.232279 0.498577 0.709113 -0.498577
-0.382683 0.25 0.92388 0.076064 0.152907 6.7791e-17 1 8.28557e-17
-0.315034 0.176777 0.760559 0.091925 0.193736 0.269828 0.709113 -0.651423
-0.382683 0.25 0.92388 0.398017 0.251224 6.7791e-17 1 8.28557e-17
-1.51224e-16 0.176777 0.823223 0.485873 0.278926 4.36078e-17 0.709113 -0.705095
-0.315034 0.176777 0.760559 0.413548 0.292179 0.269828 0.709113 -0.651423
-1.83697e-16 0.25 1 0.485873 0.235125 3.76617e-18 1 2.10905e-16
-1.51224e-16 0.176777 0.823223 0.485873 0.278926 4.36078e-17 0.709113 -0.705095
-0.382683 0.25 0.92388 0.398017 0.251224 6.7791e-17 1 8.28557e-17
-0.450333 0.176777 1.0872 0.31413 0.44299 -0.269828 0.709113 0.651423
-2.1617e-16 0.176777 1.17678 0.417517 0.424045 -1.1376e-17 0.709113 0.705095
-0.382683 0.25 0.92388 0.329661 0.483945 6.7791e-17 1 8.28557e-17
-0.832107 0.176777 0.832107 0.333452 0.793621 -0.498577 0.709113 0.498577
-0.478354 0 1.15485 0.238999 0.862414 -0.382683 6.1091e-16 0.92388
-0.450333 0.176777 1.0872 0.231517 0.819256 -0.269828 0.709113 0.651423
-0.478354 0 1.15485 0.227096 0.6477 -0.382683 6.1091e-16 0.92388
-2.1617e-16 0.176777 1.17678 0.115759 0.612234 -1.1376e-17 0.709113 0.705095
-0.450333 0.176777 1.0872 0.220574 0.604387 -0.269828 0.709113 0.651423
-0.478354 0 1.15485 0.338433 0.612722 -0.382683 6.1091e-16 0.92388
-2.1617e-16 -0.176777 1.17678 0.227096 0.648188 -1.1376e-17 -0.709113 0.705095
-2.29621e-16 0 1.25 0.227096 0.604387 -1.52728e-17 5.19273e-16 1
-2.1617e-16 -0.176777 1.17678 0.458613 0.992153 -1.1376e-17 -0.709113 0.705095
0.478354 0 1.15485 0.347276 0.956687 0.382683 5.80364e-16 0.92388
-2.29621e-16 0 1.25 0.458613 0.948352 -1.52728e-17 5.19273e-16 1
0.450333 -0.176777 1.0872 0.353798 1 0.269828 -0.709113 0.651423
0.478354 0 1.15485 0.347276 0.956687 0.382683 5.80364e-16 0.92388
-2.1617e-16 -0.176777 1.17678 0.458613 0.992153 -1.1376e-17 -0.709113 0.705095
-1.83697e-16 -0.25 1 0.562 0.545657 1.09219e-16 -1 -3.01293e-17
0.382683 -0.25 0.92388 0.474144 0.561756 -4.14278e-17 -1 -1.65711e-16
-2.1617e-16 -0.176777 1.17678 0.562 0.501856 -1.1376e-17 -0.709113 0.705095
-0.382683 -0.25 0.92388 0.757212 0.329588 8.47387e-17 -1 -1.50647e-16
-1.51224e-16 -0.176777 0.823223 0.669356 0.357291 1.44095e-16 -0.709113 -0.705095
-1.83697e-16 -0.25 1 0.669356 0.313489 1.09219e-16 -1 -3.01293e-17
-1.51224e-16 -0.176777 0.823223 0.398017 0.278926 1.44095e-16 -0.709113 -0.705095
0.382683 -0.25 0.92388 0.310161 0.251224 -4.14278e-17 -1 -1.65711e-16
-1.83697e-16 -0.25 1 0.398017 0.235125 1.09219e-16 -1 -3.01293e-17
0.315034 -0.176777 0.760559 0.325692 0.292179 -0.269828 -0.709113 -0.651423
0.382683 -0.25 0.92388 0.310161 0.251224 -4.14278e-17 -1 -1.65711e-16
-1.51224e-16 -0.176777 0.823223 0.398017 0.278926 1.44095e-16 -0.709113 -0.705095
-1.37773e-16 -3.06162e-17 0.75 0.377554 0.0290739 1.52728e-17 -3.66546e-16 -1
0.287013 -3.06162e-17 0.69291 0.444356 0.0240726 -0.382683 -3.05455e-16 -0.92388
-1.51224e-16 -0.176777 0.823223 0.377554 0.0728752 1.44095e-16 -0.709113 -0.705095
-0.287013 -3.06162e-17 0.69291 0.530724 0.0728752 0.382683 -3.05455e-16 -0.92388
-1.51224e-16 0.176777 0.823223 0.597526 0.0240726 4.36078e-17 0.709113 -0.705095
-1.37773e-16 -3.06162e-17 0.75 0.597526 0.067874 1.52728e-17 -3.66546e-16 -1
-1.51224e-16 0.176777 0.823223 0.450878 0.0240726 4.36078e-17 0.709113 -0.705095
0.287013 -3.06162e-17 0.69291 0.51768 0.0728752 -0.382683 -3.05455e-16 -0.92388
-1.37773e-16 -3.06162e-17 0.75 0.450878 0.067874 1.52728e-17 -3.66546e-16 -1
0.315034 0.176777 0.760559 0.524202 0.0295622 -0.269828 0.709113 -0.651423
0.287013 -3.06162e-17 0.69291 0.51768 0.0728752 -0.382683 -3.05455e-16 -0.92388
-1.51224e-16 0.176777 0.823223 0.450878 0.0240726 4.36078e-17 0.709113 -0.705095
-1.83697e-16 0.25 1 0.485873 0.235125 3.76617e-18 1 2.10905e-16
0.382683 0.25 0.92388 0.573729 0.251224 7.53233e-18 1 9.0388e-17
-1.51224e-16 0.176777 0.823223 0.485873 0.278926 4.36078e-17 0.709113 -0.705095
-0.382683 0.25 0.92388 0.329661 0.483945 6.7791e-17 1 8.28557e-17
-2.1617e-16 0.176777 1.17678 0.417517 0.424045 -1.1376e-17 0.709113 0.705095
-1.83697e-16 0.25 1 0.417517 0.467846 3.76617e-18 1 2.10905e-16
-2.1617e-16 0.176777 1.17678 0.210743 0.424045 -1.1376e-17 0.709113 0.705095
0.382683 0.25 0.92388 0.298599 0.483945 7.53233e-18 1 9.0388e-17
-1.83697e-16 0.25 1 0.210743 0.467846 3.76617e-18 1 2.10905e-16
-2.29621e-16 0 1.25 0.458613 0.948352 -1.52728e-17 5.19273e-16 1
0.478354 0 1.15485 0.347276 0.940016 0.382683 5.80364e-16 0.92388
-2.1617e-16 0.176777 1.17678 0.458613 0.90455 -1.1376e-17 0.709113 0.705095
0.450333 0.176777 1.0872 0.31413 0.44299 0.269828 0.709113 0.651423
0.382683 0.25 0.92388 0.298599 0.483945 7.53233e-18 1 9.0388e-17
-2.1617e-16 0.176777 1.17678 0.210743 0.424045 -1.1376e-17 0.709113 0.705095
0.450333 -0.176777 1.0872 0.115759 0.6304 0.269828 -0.709113 0.651423
0.832107 -0.176777 0.832107 0.0138245 0.656035 0.498577 -0.709113 0.498577
0.478354 0 1.15485 0.108277 0.587242 0.382683 5.80364e-16 0.92388
0.883883 0 0.883883 0.231517 0.697598 0.763288 0.0588573 0.643372
0.832107 0.176777 0.832107 0.245342 0.656035 0.53651 0.675755 0.505481
0.478354 0 1.15485 0.339794 0.724828 0.382683 5.80364e-16 0.92388
-2.1617e-16 -0.176777 1.17678 0.562 0.501856 -1.1376e-17 -0.709113 0.705095
0.382683 -0.25 0.92388 0.474144 0.561756 -4.14278e-17 -1 -1.65711e-16
0.450333 -0.176777 1.0872 0.458613 0.520801 0.269828 -0.709113 0.651423
0.382683 -0.25 0.92388 0.105371 0.437125 -4.14278e-17 -1 -1.65711e-16
0.832107 -0.176777 0.832107 0 0.451393 0.498577 -0.709113 0.498577
0.450333 -0.176777 1.0872 0.0895103 0.396296 0.269828 -0.709113 0.651423
0.707107 -0.25 0.707107 0.0293074 0.483945 -1.50647e-16 -1 -1.35582e-16
0.832107 -0.176777 0.832107 0 0.451393 0.498577 -0.709113 0.498577
0.382683 -0.25 0.92388 0.105371 0.437125 -4.14278e-17 -1 -1.65711e-16
0.315034 -0.176777 0.760559 0.275775 0.193736 -0.269828 -0.709113 -0.651423
0.582107 -0.176777 0.582107 0.213157 0.232279 -0.498577 -0.709113 -0.498577
0.382683 -0.25 0.92388 0.259914 0.152907 -4.14278e-17 -1 -1.65711e-16
-1.51224e-16 -0.176777 0.823223 0.377554 0.0728752 1.44095e-16 -0.709113 -0.705095
0.287013 -3.06162e-17 0.69291 0.444356 0.0240726 -0.382683 -3.05455e-16 -0.92388
0.315034 -0.176777 0.760559 0.450878 0.0673857 -0.269828 -0.709113 -0.651423
0.287013 -3.06162e-17 0.69291 0.0787906 0.0297176 -0.382683 -3.05455e-16 -0.92388
0.582107 -0.176777 0.582107 0.157581 0.0549418 -0.498577 -0.709113 -0.498577
0.315034 -0.176777 0.760559 0.0862724 0.0728752 -0.269828 -0.709113 -0.651423
0.53033 -3.06162e-17 0.53033 0.143757 0.0133793 -0.707107 -3.66546e-16 -0.707107
0.582107 -0.176777 0.582107 0.157581 0.0549418 -0.498577 -0.709113 -0.498577
0.287013 -3.06162e-17 0.69291 0.0787906 0.0297176 -0.382683 -3.05455e-16 -0.92388
0.315034 0.176777 0.760559 0.00748174 0.0133793 -0.269828 0.709113 -0.651423
0.582107 0.176777 0.582107 0.0787906 0.0313127 -0.498577 0.709113 -0.498577
0.287013 -3.06162e-17 0.69291 0 0.0565369 -0.382683 -3.05455e-16 -0.92388
-1.51224e-16 0.176777 0.823223 0.485873 0.278926 4.36078e-17 0.709113 -0.705095
0.382683 0.25 0.92388 0.573729 0.251224 7.53233e-18 1 9.0388e-17
0.315034 0.176777 0.760559 0.558198 0.292179 -0.269828 0.709113 -0.651423
0.382683 0.25 0.92388 0.107786 0.152907 7.53233e-18 1 9.0388e-17
0.582107 0.176777 0.582107 0.154543 0.232279 -0.498577 0.709113 -0.498577
0.315034 0.176777 0.760559 0.091925 0.193736 -0.269828 0.709113 -0.651423
0.707107 0.25 0.707107 0.18385 0.199727 0.0699815 0.996452 0.0467601
0.582107 0.176777 0.582107 0.154543 0.232279 -0.498577 0.709113 -0.498577
0.382683 0.25 0.92388 0.107786 0.152907 7.53233e-18 1 9.0388e-17
0.450333 0.176777 1.0872 0.121232 0.396296 0.269828 0.709113 0.651423
0.832107 0.176777 0.832107 0.210743 0.451393 0.53651 0.675755 0.505481
0.382683 0.25 0.92388 0.105371 0.437125 7.53233e-18 1 9.0388e-17
-2.1617e-16 0.176777 1.17678 0.458613 0.90455 -1.1376e-17 0.709113 0.705095
0.478354 0 1.15485 0.347276 0.940016 0.382683 5.80364e-16 0.92388
0.450333 0.176777 1.0872 0.353798 0.896703 0.269828 0.709113 0.651423
0.478354 0 1.15485 0.339794 0.724828 0.382683 5.80364e-16 0.92388
0.832107 0.176777 0.832107 0.245342 0.656035 0.53651 0.675755 0.505481
0.450333 0.176777 1.0872 0.347276 0.68167 0.269828 0.709113 0.651423
0.478354 0 1.15485 0.108277 0.587242 0.382683 5.80364e-16 0.92388
0.832107 -0.176777 0.832107 0.0138245 0.656035 0.498577 -0.709113 0.498577
0.883883 0 0.883883 0 0.614473 0.763288 0.0588573 0.643372
1.15485 0 0.478354 0.238999 0.931207 0.953637 0.0420454 0.298008
1.13794 0.0441942 0.471349 0.237129 0.920418 0.856016 0.382675 0.347556
0.883883 0 0.883883 0.347276 0.903977 0.763288 0.0588573 0.643372
0.832107 -0.176777 0.832107 0.333452 0.793621 0.498577 -0.709113 0.498577
1.12102 -0.0883883 0.464344 0.235258 0.746407 0.842266 -0.382527 0.379816
0.883883 0 0.883883 0.347276 0.752059 0.763288 0.0588573 0.643372
0.707107 -0.25 0.707107 0.76131 0.927698 -1.50647e-16 -1 -1.35582e-16
0.92388 -0.25 0.382683 0.708867 1 -1.65711e-16 -1 -9.98034e-17
0.832107 -0.176777 0.832107 0.731069 0.896011 0.498577 -0.709113 0.498577
1.0872 -0.176777 0.450333 0.231517 0.767986 0.801153 -0.546666 0.243537
1.12102 -0.0883883 0.464344 0.235258 0.746407 0.842266 -0.382527 0.379816
0.832107 -0.176777 0.832107 0.333452 0.793621 0.498577 -0.709113 0.498577
0.382683 -0.25 0.92388 0.259914 0.152907 -4.14278e-17 -1 -1.65711e-16
0.582107 -0.176777 0.582107 0.213157 0.232279 -0.498577 -0.709113 -0.498577
0.707107 -0.25 0.707107 0.18385 0.199727 -1.50647e-16 -1 -1.35582e-16
0.582107 -0.176777 0.582107 0.926676 0.758063 -0.498577 -0.709113 -0.498577
0.92388 -0.25 0.382683 0.843993 0.798679 -1.65711e-16 -1 -9.98034e-17
0.707107 -0.25 0.707107 0.896435 0.726376 -1.50647e-16 -1 -1.35582e-16
0.760559 -0.176777 0.315034 0.883504 0.817584 -0.651423 -0.709113 -0.269828
0.92388 -0.25 0.382683 0.843993 0.798679 -1.65711e-16 -1 -9.98034e-17
0.582107 -0.176777 0.582107 0.926676 0.758063 -0.498577 -0.709113 -0.498577
0.53033 -3.06162e-17 0.53033 0.534876 0.0934113 -0.707107 -3.66546e-16 -0.707107
0.69291 -3.06162e-17 0.287013 0.599842 0.10975 -0.92388 -4.50546e-16 -0.382683
0.582107 -0.176777 0.582107 0.521051 0.134974 -0.498577 -0.709113 -0.498577
0.287013 -3.06162e-17 0.69291 0 0.0565369 -0.382683 -3.05455e-16 -0.92388
0.582107 0.176777 0.582107 0.0787906 0.0313127 -0.498577 0.709113 -0.498577
0.53033 -3.06162e-17 0.53033 0.0649662 0.0728752 -0.707107 -3.66546e-16 -0.707107
0.582107 0.176777 0.582107 0.678633 0.111345 -0.498577 0.709113 -0.498577
0.69291 -3.06162e-17 0.287013 0.757423 0.136569 -0.92388 -4.50546e-16 -0.382683
0.53033 -3.06162e-17 0.53033 0.692457 0.152907 -0.707107 -3.66546e-16 -0.707107
0.760559 0.176777 0.315034 0.749941 0.0934113 -0.601443 0.764712 -0.23126
0.69291 -3.06162e-17 0.287013 0.757423 0.136569 -0.92388 -4.50546e-16 -0.382683
0.582107 0.176777 0.582107 0.678633 0.111345 -0.498577 0.709113 -0.498577
0.707107 0.25 0.707107 0.874233 0.635168 0.0699815 0.996452 0.0467601
0.92388 0.25 0.382683 0.926676 0.707471 0.140536 0.989964 0.0148301
0.582107 0.176777 0.582107 0.843993 0.666855 -0.498577 0.709113 -0.498577
0.382683 0.25 0.92388 0.105371 0.437125 7.53233e-18 1 9.0388e-17
0.832107 0.176777 0.832107 0.210743 0.451393 0.53651 0.675755 0.505481
0.707107 0.25 0.707107 0.181435 0.483945 0.0699815 0.996452 0.0467601
0.832107 0.176777 0.832107 0.699596 0.688032 0.53651 0.675755 0.505481
1.00554 0.213388 0.416508 0.741554 0.782569 0.351238 0.923863 0.152019
0.707107 0.25 0.707107 0.669356 0.719719 0.0699815 0.996452 0.0467601
0.883883 0 0.883883 0.347276 0.903977 0.763288 0.0588573 0.643372
1.12102 0.0883883 0.464344 0.235258 0.909628 0.865195 0.382767 0.323923
0.832107 0.176777 0.832107 0.333452 0.862414 0.53651 0.675755 0.505481
1.0872 0.176777 0.450333 0.76131 0.773116 0.703808 0.679095 0.208528
1.00554 0.213388 0.416508 0.741554 0.782569 0.351238 0.923863 0.152019
0.832107 0.176777 0.832107 0.699596 0.688032 0.53651 0.675755 0.505481
1.21357 0.0115485 0.0921395 0.227096 0.604387 0.985653 0.144446 0.08731
1.20409 0.0488136 0.102377 0.229318 0.595572 0.946404 0.310074 0.0904105
1.15485 0 0.478354 0.316365 0.602737 0.953637 0.0420454 0.298008
1.12102 -0.0883883 0.464344 0.312746 0.535594 0.842266 -0.382527 0.379816
1.21717 -0.0210972 0.0750766 0.222674 0.514944 0.989459 -0.0957532 0.108634
1.15485 0 0.478354 0.315674 0.514047 0.953637 0.0420454 0.298008
0.883883 0 0.883883 0.347276 0.752059 0.763288 0.0588573 0.643372
1.12102 -0.0883883 0.464344 0.235258 0.746407 0.842266 -0.382527 0.379816
1.15485 0 0.478354 0.238999 0.724828 0.953637 0.0420454 0.298008
0.832107 -0.176777 0.832107 0.731069 0.896011 0.498577 -0.709113 0.498577
0.92388 -0.25 0.382683 0.708867 1 -1.65711e-16 -1 -9.98034e-17
1.0872 -0.176777 0.450333 0.669356 0.981094 0.801153 -0.546666 0.243537
1.13199 -0.176777 0.225166 0.393333 0.634719 0.644843 -0.753475 0.128267
1.21522 -0.0642915 0.0273006 0.347276 0.603791 0.962194 -0.260738 0.078724
1.0872 -0.176777 0.450333 0.445753 0.638461 0.801153 -0.546666 0.243537
0.92388 -0.25 0.382683 0.626616 0.825044 -1.65711e-16 -1 -9.98034e-17
1.13199 -0.176777 0.225166 0.575077 0.859605 0.644843 -0.753475 0.128267
1.0872 -0.176777 0.450333 0.586169 0.808234 0.801153 -0.546666 0.243537
1 -0.25 -0 0.607764 0.912351 0.136774 -0.990602 -3.48205e-17
1.13199 -0.176777 0.225166 0.575077 0.859605 0.644843 -0.753475 0.128267
0.92388 -0.25 0.382683 0.626616 0.825044 -1.65711e-16 -1 -9.98034e-17
0.823223 -0.176777 -0 0.805089 0.726376 -0.705095 -0.709113 -6.25677e-17
0.92388 -0.25 0.382683 0.780161 0.637693 -1.65711e-16 -1 -9.98034e-17
0.760559 -0.176777 0.315034 0.820608 0.654503 -0.651423 -0.709113 -0.269828
0.582107 -0.176777 0.582107 0.521051 0.134974 -0.498577 -0.709113 -0.498577
0.69291 -3.06162e-17 0.287013 0.599842 0.10975 -0.92388 -4.50546e-16 -0.382683
0.760559 -0.176777 0.315034 0.59236 0.152907 -0.651423 -0.709113 -0.269828
0.823223 0.176777 -0 0.30423 0.0240726 -0.705095 0.709113 -6.06717e-17
0.69291 -3.06162e-17 0.287013 0.237427 0.0728752 -0.92388 -4.50546e-16 -0.382683
0.760559 0.176777 0.315034 0.230905 0.0295622 -0.601443 0.764712 -0.23126
0.582107 0.176777 0.582107 0.843993 0.666855 -0.498577 0.709113 -0.498577
0.92388 0.25 0.382683 0.926676 0.707471 0.140536 0.989964 0.0148301
0.760559 0.176777 0.315034 0.887165 0.726376 -0.601443 0.764712 -0.23126
0.92388 0.25 0.382683 0.801757 0.54901 0.140536 0.989964 0.0148301
0.96194 0.25 0.191342 0.811183 0.592663 -0.0792442 0.996731 -0.0157627
0.760559 0.176777 0.315034 0.76131 0.56582 -0.601443 0.764712 -0.23126
1.00554 0.213388 0.416508 0.864136 0.293103 0.351238 0.923863 0.152019
1.13427 0.179043 0.0750766 0.897235 0.370005 0.620075 0.781693 0.0668163
0.92388 0.25 0.382683 0.843993 0.301579 0.140536 0.989964 0.0148301
0.707107 0.25 0.707107 0.669356 0.719719 0.0699815 0.996452 0.0467601
1.00554 0.213388 0.416508 0.741554 0.782569 0.351238 0.923863 0.152019
0.92388 0.25 0.382683 0.721798 0.792021 0.140536 0.989964 0.0148301
1.15382 0.155813 0.0921395 0.559353 0.479537 0.795892 0.6018 0.0662756
1.13427 0.179043 0.0750766 0.552781 0.483945 0.620075 0.781693 0.0668163
1.0872 0.176777 0.450333 0.540984 0.398665 0.703808 0.679095 0.208528
1.10411 0.132583 0.457338 0.501887 0.415166 0.856099 0.382675 0.347354
1.17287 0.124197 0.102377 0.41976 0.424045 0.888614 0.450591 0.0856325
1.0872 0.176777 0.450333 0.500116 0.404385 0.703808 0.679095 0.208528
0.832107 0.176777 0.832107 0.333452 0.862414 0.53651 0.675755 0.505481
1.10411 0.132583 0.457338 0.233388 0.898839 0.856099 0.382675 0.347354
1.0872 0.176777 0.450333 0.231517 0.888049 0.703808 0.679095 0.208528
1.15485 0 0.478354 0.315674 0.514047 0.953637 0.0420454 0.298008
1.21717 -0.0210972 0.0750766 0.222674 0.514944 0.989459 -0.0957532 0.108634
1.21357 0.0115485 0.0921395 0.227067 0.507769 0.985653 0.144446 0.08731
1.17678 -0.176777 -0 0.616373 0.432181 0.812318 -0.583214 -7.54595e-17
1.21522 -0.0642915 -0.0273006 0.60998 0.405018 0.962194 -0.260738 -0.078724
1.21392 -0.0707206 -2.60209e-18 0.616237 0.406472 0.957853 -0.28726 1.39115e-17
1.15485 0 -0.478354 0.115759 0.602845 0.953637 0.0420454 -0.298008
1.20409 0.0488136 -0.102377 0.202807 0.595571 0.946404 0.310074 -0.0904105
1.21357 0.0115485 -0.0921395 0.205022 0.604387 0.985653 0.144446 -0.08731
1.20409 0.0488136 -0.102377 0.360168 0.591167 0.946404 0.310074 -0.0904105
1.21412 0.0142273 -0.0460697 0.373058 0.599407 0.980749 0.19435 -0.0189805
1.21357 0.0115485 -0.0921395 0.362509 0.599969 0.985653 0.144446 -0.08731
1.0872 0.176777 0.450333 0.500116 0.404385 0.703808 0.679095 0.208528
1.17287 0.124197 0.102377 0.41976 0.424045 0.888614 0.450591 0.0856325
1.15382 0.155813 0.0921395 0.417517 0.415588 0.795892 0.6018 0.0662756
1.17287 0.124197 0.102377 0.329257 0.6042 0.888614 0.450591 0.0856325
1.15593 0.154703 0.0460697 0.316365 0.596216 0.823601 0.56681 0.0202082
1.15382 0.155813 0.0921395 0.326914 0.595751 0.795892 0.6018 0.0662756
1 0.25 -0 0.635957 0.704117 0.148203 0.988957 -5.23395e-17
1.10434 0.203407 0.0273006 0.661907 0.697063 0.45425 0.889965 0.0402408
1.09927 0.20607 -0 0.660793 0.70335 0.424967 0.905209 -0
1.0872 0.176777 -0.450333 0.646722 0.6 0.703808 0.679095 -0.208528
1.13427 0.179043 -0.0750766 0.658573 0.514959 0.620075 0.781693 -0.0668163
1.15382 0.155813 -0.0921395 0.66522 0.51924 0.795892 0.6018 -0.0662756
1.21717 -0.0210972 0.0750766 0.215187 0.543743 0.989459 -0.0957532 0.108634
1.0872 -0.176777 0.450333 0.302426 0.587242 0.801153 -0.546666 0.243537
1.21702 -0.0470637 0.0528949 0.209814 0.549404 0.974179 -0.189662 0.122493
1.0872 -0.176777 0.450333 0.445753 0.638461 0.801153 -0.546666 0.243537
1.21522 -0.0642915 0.0273006 0.347276 0.603791 0.962194 -0.260738 0.078724
1.21702 -0.0470637 0.0528949 0.35323 0.599969 0.974179 -0.189662 0.122493
1.10434 0.203407 0.0273006 0.0450884 0.152907 0.45425 0.889965 0.0402408
0.92388 0.25 0.382683 0 0.0728752 0.140536 0.989964 0.0148301
1.11689 0.194653 0.0528949 0.0483076 0.146888 0.534931 0.840559 0.0854936
0.92388 0.25 0.382683 0.843993 0.301579 0.140536 0.989964 0.0148301
1.13427 0.179043 0.0750766 0.897235 0.370005 0.620075 0.781693 0.0668163
1.11689 0.194653 0.0528949 0.892243 0.375411 0.534931 0.840559 0.0854936
1.17287 0.124197 0.102377 0.458613 0.492565 0.888614 0.450591 0.0856325
1.12102 0.0883883 0.464344 0.542658 0.495227 0.865195 0.382767 0.323923
1.19007 0.0874468 0.10579 0.459353 0.501856 0.920042 0.381277 0.0902822
1.12102 0.0883883 0.464344 0.306729 0.492267 0.865195 0.382767 0.323923
1.20409 0.0488136 0.102377 0.222674 0.507769 0.946404 0.310074 0.0904105
1.19007 0.0874468 0.10579 0.223417 0.498364 0.920042 0.381277 0.0902822
1.13427 0.179043 -0.0750766 0.897129 0.380839 0.620075 0.781693 -0.0668163
0.92388 0.25 -0.382683 0.843993 0.449317 0.140536 0.989964 -0.0148301
1.11689 0.194653 -0.0528949 0.892158 0.375411 0.534931 0.840559 -0.0854936
0.92388 0.25 -0.382683 0.843993 0.293103 0.140536 0.989964 -0.0148301
1.10434 0.203407 -0.0273006 0.889081 0.213071 0.45425 0.889965 -0.0402408
1.11689 0.194653 -0.0528949 0.8923 0.219091 0.534931 0.840559 -0.0854936
1.21522 -0.0642915 -0.0273006 0.209814 0.552572 0.962194 -0.260738 -0.078724
1.0872 -0.176777 -0.450333 0.111337 0.587242 0.801153 -0.546666 -0.243537
1.21702 -0.0470637 -0.0528949 0.203861 0.548751 0.974179 -0.189662 -0.122493
1.0872 -0.176777 -0.450333 0.308591 0.587242 0.801153 -0.546666 -0.243537
1.21717 -0.0210972 -0.0750766 0.395783 0.543652 0.989459 -0.0957532 -0.108634
1.21702 -0.0470637 -0.0528949 0.401163 0.549307 0.974179 -0.189662 -0.122493
1.20409 0.0488136 -0.102377 0.401392 0.50738 0.946404 0.310074 -0.0904105
1.12102 0.0883883 -0.464344 0.317288 0.492144 0.865195 0.382767 -0.323923
1.19007 0.0874468 -0.10579 0.40062 0.497977 0.920042 0.381277 -0.0902822
1.12102 0.0883883 -0.464344 0.210743 0.41763 0.865195 0.382767 -0.323923
1.17287 0.124197 -0.102377 0.294782 0.414747 0.888614 0.450591 -0.0856325
1.19007 0.0874468 -0.10579 0.29404 0.424045 0.920042 0.381277 -0.0902822
1.20442 0.0504209 -1.73472e-18 0.437114 0.547797 0.950868 0.309597 -1.95333e-18
1.21412 0.0142273 0.0460697 0.44766 0.556375 0.980749 0.19435 0.0189805
1.21439 0.0155667 -5.34873e-18 0.437113 0.556096 0.976788 0.214207 1.73828e-18
1.21412 0.0142273 -0.0460697 0.426363 0.5492 0.980749 0.19435 -0.0189805
1.20442 0.0504209 -1.73472e-18 0.436909 0.540623 0.950868 0.309597 -1.95333e-18
1.21439 0.0155667 -5.34873e-18 0.43691 0.548922 0.976788 0.214207 1.73828e-18
1.17413 0.123531 -1.73472e-18 0.445713 0.599969 0.890248 0.455476 3.03876e-17
1.15593 0.154703 -0.0460697 0.435167 0.591707 0.823601 0.56681 -0.0202082
1.15699 0.154149 -1.30104e-18 0.445714 0.591936 0.836489 0.547984 -1.30429e-17
1.15593 0.154703 0.0460697 0.44766 0.539535 0.823601 0.56681 0.0202082
1.17413 0.123531 -1.73472e-18 0.437114 0.547797 0.890248 0.455476 3.03876e-17
1.15699 0.154149 -1.30104e-18 0.437113 0.539764 0.836489 0.547984 -1.30429e-17
1.2187 -0.0387594 0.0230349 0.423816 0.538575 0.998507 -0.0512228 0.0189902
1.2187 -0.0387594 -0.0230349 0.413269 0.538576 0.998507 -0.0512228 -0.0189902
1.21899 -0.030807 -5.39692e-18 0.418543 0.536755 0.999987 -0.0051276 -3.47059e-18
1.2187 -0.0387594 -0.0230349 0.341753 0.595174 0.998507 -0.0512228 -0.0189902
1.21881 -0.0130608 -3.46945e-18 0.347027 0.589292 0.997116 0.075897 -4.78172e-18
1.21899 -0.030807 -5.39692e-18 0.347027 0.593354 0.999987 -0.0051276 -3.47059e-18
1.12345 0.191213 0.0230349 0.217914 0.599139 0.624578 0.780672 0.021298
1.14061 0.175715 -0 0.223292 0.604328 0.737993 0.674809 -3.39387e-17
1.12891 0.186661 -0 0.219625 0.604387 0.668995 0.743267 -0
1.14061 0.175715 -0 0.334635 0.595802 0.737993 0.674809 -3.39387e-17
1.12345 0.191213 -0.0230349 0.329257 0.60099 0.624578 0.780672 -0.021298
1.12891 0.186661 -0 0.330968 0.595743 0.668995 0.743267 -0
1.19034 0.0876037 -0.0528949 0.39767 0.599969 0.923776 0.38288 -0.00641057
1.17413 0.123531 -1.73472e-18 0.409778 0.590947 0.890248 0.455476 3.03876e-17
1.19047 0.0876822 -1.73472e-18 0.409778 0.599966 0.923814 0.382841 1.62729e-18
1.17413 0.123531 -1.73472e-18 0.421887 0.590947 0.890248 0.455476 3.03876e-17
1.19034 0.0876037 0.0528949 0.433995 0.599969 0.923776 0.38288 0.00641057
1.19047 0.0876822 -1.73472e-18 0.421887 0.599966 0.923814 0.382841 1.62729e-18
1.19034 0.0876037 0.0528949 0.421887 0.590762 0.923776 0.38288 0.00641057
1.20442 0.0504209 -1.73472e-18 0.409778 0.599863 0.950868 0.309597 -1.95333e-18
1.19047 0.0876822 -1.73472e-18 0.409778 0.590756 0.923814 0.382841 1.62729e-18
1.13794 0.0441942 -0.471349 0.110147 0.851625 0.856016 0.382675 -0.347556
0.883883 0 -0.883883 0 0.835184 0.763288 0.0588573 -0.643372
1.12102 0.0883883 -0.464344 0.112018 0.840835 0.865195 0.382767 -0.323923
1.10411 0.132583 -0.457338 0.212365 0.406814 0.856099 0.382675 -0.347354
1.17287 0.124197 -0.102377 0.294782 0.414747 0.888614 0.450591 -0.0856325
1.12102 0.0883883 -0.464344 0.210743 0.41763 0.865195 0.382767 -0.323923
1.10411 0.132583 0.457338 0.233388 0.898839 0.856099 0.382675 0.347354
0.832107 0.176777 0.832107 0.333452 0.862414 0.53651 0.675755 0.505481
1.12102 0.0883883 0.464344 0.235258 0.909628 0.865195 0.382767 0.323923
1.13794 0.0441942 0.471349 0.308378 0.503102 0.856016 0.382675 0.347556
1.20409 0.0488136 0.102377 0.222674 0.507769 0.946404 0.310074 0.0904105
1.12102 0.0883883 0.464344 0.306729 0.492267 0.865195 0.382767 0.323923
1.21392 -0.0707206 -2.60209e-18 0.233345 0.59191 0.957853 -0.28726 1.39115e-17
1.21522 -0.0642915 -0.0273006 0.227096 0.590408 0.962194 -0.260738 -0.078724
1.21522 -0.0642915 0.0273006 0.239595 0.590408 0.962194 -0.260738 0.078724
1.15382 0.155813 0.0921395 0.217529 0.595248 0.795892 0.6018 0.0662756
1.15593 0.154703 0.0460697 0.206981 0.595752 0.823601 0.56681 0.0202082
1.13427 0.179043 0.0750766 0.213625 0.588298 0.620075 0.781693 0.0668163
1.21357 0.0115485 0.0921395 0.357825 0.599969 0.985653 0.144446 0.08731
1.21412 0.0142273 0.0460697 0.347276 0.599408 0.980749 0.19435 0.0189805
1.20409 0.0488136 0.102377 0.360168 0.591167 0.946404 0.310074 0.0904105
1.09927 0.20607 -0 0.338433 0.649786 0.424967 0.905209 -0
1.10434 0.203407 0.0273006 0.339744 0.643536 0.45425 0.889965 0.0402408
1.10434 0.203407 -0.0273006 0.339744 0.656035 0.45425 0.889965 -0.0402408
1.21357 0.0115485 -0.0921395 0.445753 0.622828 0.985653 0.144446 -0.08731
1.21412 0.0142273 -0.0460697 0.4563 0.622234 0.980749 0.19435 -0.0189805
1.21717 -0.0210972 -0.0750766 0.449657 0.630347 0.989459 -0.0957532 -0.108634
1.15382 0.155813 -0.0921395 0.207365 0.595752 0.795892 0.6018 -0.0662756
1.15593 0.154703 -0.0460697 0.217914 0.596216 0.823601 0.56681 -0.0202082
1.17287 0.124197 -0.102377 0.205022 0.604201 0.888614 0.450591 -0.0856325
1.21357 0.0115485 0.0921395 0.458259 0.630943 0.985653 0.144446 0.08731
1.21717 -0.0210972 0.0750766 0.454354 0.638461 0.989459 -0.0957532 0.108634
1.21412 0.0142273 0.0460697 0.447712 0.630347 0.980749 0.19435 0.0189805
1.15382 0.155813 -0.0921395 0.316365 0.595246 0.795892 0.6018 -0.0662756
1.13427 0.179043 -0.0750766 0.320269 0.588296 0.620075 0.781693 -0.0668163
1.15593 0.154703 -0.0460697 0.326912 0.595751 0.823601 0.56681 -0.0202082
1.21702 -0.0470637 0.0528949 0.432035 0.556375 0.974179 -0.189662 0.122493
1.2187 -0.0387594 0.0230349 0.425192 0.554466 0.998507 -0.0512228 0.0189902
1.21717 -0.0210972 0.0750766 0.437113 0.550431 0.989459 -0.0957532 0.108634
1.11689 0.194653 0.0528949 0.341833 0.619269 0.534931 0.840559 0.0854936
1.12345 0.191213 0.0230349 0.343637 0.626076 0.624578 0.780672 0.021298
1.10434 0.203407 0.0273006 0.338433 0.625188 0.45425 0.889965 0.0402408
1.19007 0.0874468 0.10579 0.458253 0.622234 0.920042 0.381277 0.0902822
1.19034 0.0876037 0.0528949 0.446144 0.622227 0.923776 0.38288 0.00641057
1.17287 0.124197 0.102377 0.457472 0.612945 0.888614 0.450591 0.0856325
1.11689 0.194653 -0.0528949 0.338433 0.601957 0.534931 0.840559 -0.0854936
1.12345 0.191213 -0.0230349 0.340322 0.595174 0.624578 0.780672 -0.021298
1.13427 0.179043 -0.0750766 0.343596 0.607221 0.620075 0.781693 -0.0668163
1.21702 -0.0470637 -0.0528949 0.385558 0.596006 0.974179 -0.189662 -0.122493
1.2187 -0.0387594 -0.0230349 0.392394 0.594071 0.998507 -0.0512228 -0.0189902
1.21522 -0.0642915 -0.0273006 0.391418 0.599969 0.962194 -0.260738 -0.078724
1.19007 0.0874468 -0.10579 0.445753 0.603537 0.920042 0.381277 -0.0902822
1.19034 0.0876037 -0.0528949 0.457862 0.603524 0.923776 0.38288 -0.00641057
1.20409 0.0488136 -0.102377 0.446534 0.612945 0.946404 0.310074 -0.0904105
1.21439 0.0155667 -5.34873e-18 0.423816 0.54198 0.976788 0.214207 1.73828e-18
1.21881 -0.0130608 -3.46945e-18 0.423817 0.54861 0.997116 0.075897 -4.78172e-18
1.21412 0.0142273 -0.0460697 0.413269 0.542274 0.980749 0.19435 -0.0189805
1.20431 0.0498851 -0.0511886 0.425192 0.540734 0.952028 0.30591 -0.00783644
1.20442 0.0504209 -1.73472e-18 0.436909 0.540623 0.950868 0.309597 -1.95333e-18
1.21412 0.0142273 -0.0460697 0.426363 0.5492 0.980749 0.19435 -0.0189805
1.15699 0.154149 -1.30104e-18 0.38556 0.594071 0.836489 0.547984 -1.30429e-17
1.14061 0.175715 -0 0.385558 0.587873 0.737993 0.674809 -3.39387e-17
1.15593 0.154703 0.0460697 0.396106 0.593822 0.823601 0.56681 0.0202082
1.17371 0.123753 0.0511886 0.448832 0.547706 0.888349 0.459098 0.00801521
1.17413 0.123531 -1.73472e-18 0.437114 0.547797 0.890248 0.455476 3.03876e-17
1.15593 0.154703 0.0460697 0.44766 0.539535 0.823601 0.56681 0.0202082
1.21702 -0.0470637 0.0528949 0.457865 0.590271 0.974179 -0.189662 0.122493
1.21522 -0.0642915 0.0273006 0.452005 0.594235 0.962194 -0.260738 0.078724
1.2187 -0.0387594 0.0230349 0.451028 0.588336 0.998507 -0.0512228 0.0189902
1.2174 -0.0535762 -3.90313e-18 0.418543 0.54198 0.990571 -0.137001 1.30235e-17
1.2187 -0.0387594 -0.0230349 0.413269 0.538576 0.998507 -0.0512228 -0.0189902
1.2187 -0.0387594 0.0230349 0.423816 0.538575 0.998507 -0.0512228 0.0189902
1.21899 -0.030807 -5.39692e-18 0.329257 0.593923 0.999987 -0.0051276 -3.47059e-18
1.21881 -0.0130608 -3.46945e-18 0.329257 0.589861 0.997116 0.075897 -4.78172e-18
1.2187 -0.0387594 0.0230349 0.334531 0.595743 0.998507 -0.0512228 0.0189902
1.21702 -0.0470637 -0.0528949 0.418348 0.556375 0.974179 -0.189662 -0.122493
1.21717 -0.0210972 -0.0750766 0.413269 0.550431 0.989459 -0.0957532 -0.108634
1.2187 -0.0387594 -0.0230349 0.425192 0.554466 0.998507 -0.0512228 -0.0189902
1.21826 -0.0157396 -0.0375383 0.338433 0.589904 0.997389 0.066292 -0.0286377
1.21881 -0.0130608 -3.46945e-18 0.347027 0.589292 0.997116 0.075897 -4.78172e-18
1.2187 -0.0387594 -0.0230349 0.341753 0.595174 0.998507 -0.0512228 -0.0189902
1.21439 0.0155667 -5.34873e-18 0.305498 0.536433 0.976788 0.214207 1.73828e-18
1.21412 0.0142273 0.0460697 0.316044 0.536726 0.980749 0.19435 0.0189805
1.21881 -0.0130608 -3.46945e-18 0.305497 0.543063 0.997116 0.075897 -4.78172e-18
1.21826 -0.0157396 0.0375383 0.337851 0.590473 0.997389 0.066292 0.0286377
1.2187 -0.0387594 0.0230349 0.334531 0.595743 0.998507 -0.0512228 0.0189902
1.21881 -0.0130608 -3.46945e-18 0.329257 0.589861 0.997116 0.075897 -4.78172e-18
1.11689 0.194653 0.0528949 0.338433 0.612485 0.534931 0.840559 0.0854936
1.13427 0.179043 0.0750766 0.343596 0.607221 0.620075 0.781693 0.0668163
1.12345 0.191213 0.0230349 0.340323 0.619269 0.624578 0.780672 0.021298
1.1385 0.176824 0.0375383 0.222627 0.595743 0.729993 0.682741 0.0312272
1.14061 0.175715 -0 0.223292 0.604328 0.737993 0.674809 -3.39387e-17
1.12345 0.191213 0.0230349 0.217914 0.599139 0.624578 0.780672 0.021298
1.12891 0.186661 -0 0.346572 0.650762 0.668995 0.743267 -0
1.12345 0.191213 -0.0230349 0.344945 0.656035 0.624578 0.780672 -0.021298
1.12345 0.191213 0.0230349 0.344945 0.645489 0.624578 0.780672 0.021298
1.15699 0.154149 -1.30104e-18 0.411709 0.547163 0.836489 0.547984 -1.30429e-17
1.15593 0.154703 -0.0460697 0.401163 0.546915 0.823601 0.56681 -0.0202082
1.14061 0.175715 -0 0.41171 0.540965 0.737993 0.674809 -3.39387e-17
1.1385 0.176824 -0.0375383 0.33397 0.604387 0.729993 0.682741 -0.0312272
1.12345 0.191213 -0.0230349 0.329257 0.60099 0.624578 0.780672 -0.021298
1.14061 0.175715 -0 0.334635 0.595802 0.737993 0.674809 -3.39387e-17
1.11689 0.194653 -0.0528949 0.341833 0.643536 0.534931 0.840559 -0.0854936
1.10434 0.203407 -0.0273006 0.338433 0.637617 0.45425 0.889965 -0.0402408
1.12345 0.191213 -0.0230349 0.343637 0.636729 0.624578 0.780672 -0.021298
1.11279 0.198969 -0 0.341929 0.650762 0.535587 0.84448 -7.81888e-17
1.12345 0.191213 0.0230349 0.344945 0.645489 0.624578 0.780672 0.021298
1.12345 0.191213 -0.0230349 0.344945 0.656035 0.624578 0.780672 -0.021298
1.19007 0.0874468 -0.10579 0.445753 0.603524 0.920042 0.381277 -0.0902822
1.17287 0.124197 -0.102377 0.446534 0.594235 0.888614 0.450591 -0.0856325
1.19034 0.0876037 -0.0528949 0.457862 0.603517 0.923776 0.38288 -0.00641057
1.17371 0.123753 -0.0511886 0.39806 0.590861 0.888349 0.459098 -0.00801521
1.17413 0.123531 -1.73472e-18 0.409778 0.590947 0.890248 0.455476 3.03876e-17
1.19034 0.0876037 -0.0528949 0.39767 0.599969 0.923776 0.38288 -0.00641057
1.19047 0.0876822 -1.73472e-18 0.413266 0.547163 0.923814 0.382841 1.62729e-18
1.20442 0.0504209 -1.73472e-18 0.413269 0.556273 0.950868 0.309597 -1.95333e-18
1.19034 0.0876037 -0.0528949 0.401163 0.547169 0.923776 0.38288 -0.00641057
1.19007 0.0874468 0.10579 0.385558 0.590561 0.920042 0.381277 0.0902822
1.20409 0.0488136 0.102377 0.384777 0.599969 0.946404 0.310074 0.0904105
1.19034 0.0876037 0.0528949 0.373449 0.590549 0.923776 0.38288 0.00641057
1.20431 0.0498851 0.0511886 0.421496 0.599969 0.952028 0.30591 0.00783644
1.20442 0.0504209 -1.73472e-18 0.409778 0.599863 0.950868 0.309597 -1.95333e-18
1.19034 0.0876037 0.0528949 0.421887 0.590762 0.923776 0.38288 0.00641057
1.2187 -0.0387594 0.0230349 0.451028 0.588336 0.998507 -0.0512228 0.0189902
1.21522 -0.0642915 0.0273006 0.452005 0.594235 0.962194 -0.260738 0.078724
1.2174 -0.0535762 -3.90313e-18 0.445753 0.591738 0.990571 -0.137001 1.30235e-17
1.21522 -0.0642915 0.0273006 0.239595 0.590408 0.962194 -0.260738 0.078724
1.21522 -0.0642915 -0.0273006 0.227096 0.590408 0.962194 -0.260738 -0.078724
1.2174 -0.0535762 -3.90313e-18 0.233345 0.587905 0.990571 -0.137001 1.30235e-17
1.21522 -0.0642915 -0.0273006 0.391418 0.599969 0.962194 -0.260738 -0.078724
1.2187 -0.0387594 -0.0230349 0.392394 0.594071 0.998507 -0.0512228 -0.0189902
1.2174 -0.0535762 -3.90313e-18 0.39767 0.597472 0.990571 -0.137001 1.30235e-17
1.2187 -0.0387594 -0.0230349 0.425192 0.554466 0.998507 -0.0512228 -0.0189902
1.21717 -0.0210972 -0.0750766 0.413269 0.550431 0.989459 -0.0957532 -0.108634
1.21826 -0.0157396 -0.0375383 0.421865 0.5492 0.997389 0.066292 -0.0286377
1.21717 -0.0210972 -0.0750766 0.449657 0.630347 0.989459 -0.0957532 -0.108634
1.21412 0.0142273 -0.0460697 0.4563 0.622234 0.980749 0.19435 -0.0189805
1.21826 -0.0157396 -0.0375383 0.458258 0.629157 0.997389 0.066292 -0.0286377
1.21412 0.0142273 -0.0460697 0.413269 0.542274 0.980749 0.19435 -0.0189805
1.21881 -0.0130608 -3.46945e-18 0.423817 0.54861 0.997116 0.075897 -4.78172e-18
1.21826 -0.0157396 -0.0375383 0.415222 0.5492 0.997389 0.066292 -0.0286377
1.21881 -0.0130608 -3.46945e-18 0.305497 0.543063 0.997116 0.075897 -4.78172e-18
1.21412 0.0142273 0.0460697 0.316044 0.536726 0.980749 0.19435 0.0189805
1.21826 -0.0157396 0.0375383 0.314092 0.543652 0.997389 0.066292 0.0286377
1.21412 0.0142273 0.0460697 0.447712 0.630347 0.980749 0.19435 0.0189805
1.21717 -0.0210972 0.0750766 0.454354 0.638461 0.989459 -0.0957532 0.108634
1.21826 -0.0157396 0.0375383 0.445753 0.63727 0.997389 0.066292 0.0286377
1.21717 -0.0210972 0.0750766 0.437113 0.550431 0.989459 -0.0957532 0.108634
1.2187 -0.0387594 0.0230349 0.425192 0.554466 0.998507 -0.0512228 0.0189902
1.21826 -0.0157396 0.0375383 0.428518 0.5492 0.997389 0.066292 0.0286377
1.12345 0.191213 0.0230349 0.340323 0.619269 0.624578 0.780672 0.021298
1.13427 0.179043 0.0750766 0.343596 0.607221 0.620075 0.781693 0.0668163
1.1385 0.176824 0.0375383 0.344964 0.615774 0.729993 0.682741 0.0312272
1.13427 0.179043 0.0750766 0.213625 0.588298 0.620075 0.781693 0.0668163
1.15593 0.154703 0.0460697 0.206981 0.595752 0.823601 0.56681 0.0202082
1.1385 0.176824 0.0375383 0.205022 0.589307 0.729993 0.682741 0.0312272
1.15593 0.154703 0.0460697 0.396106 0.593822 0.823601 0.56681 0.0202082
1.14061 0.175715 -0 0.385558 0.587873 0.737993 0.674809 -3.39387e-17
1.1385 0.176824 0.0375383 0.394153 0.587375 0.729993 0.682741 0.0312272
1.14061 0.175715 -0 0.41171 0.540965 0.737993 0.674809 -3.39387e-17
1.15593 0.154703 -0.0460697 0.401163 0.546915 0.823601 0.56681 -0.0202082
1.1385 0.176824 -0.0375383 0.403114 0.540468 0.729993 0.682741 -0.0312272
1.15593 0.154703 -0.0460697 0.326912 0.595751 0.823601 0.56681 -0.0202082
1.13427 0.179043 -0.0750766 0.320269 0.588296 0.620075 0.781693 -0.0668163
1.1385 0.176824 -0.0375383 0.328872 0.589307 0.729993 0.682741 -0.0312272
1.13427 0.179043 -0.0750766 0.343596 0.607221 0.620075 0.781693 -0.0668163
1.12345 0.191213 -0.0230349 0.340322 0.595174 0.624578 0.780672 -0.021298
1.1385 0.176824 -0.0375383 0.344963 0.598668 0.729993 0.682741 -0.0312272
1.12345 0.191213 -0.0230349 0.343637 0.636729 0.624578 0.780672 -0.021298
1.10434 0.203407 -0.0273006 0.338433 0.637617 0.45425 0.889965 -0.0402408
1.11279 0.198969 -0 0.340716 0.631402 0.535587 0.84448 -7.81888e-17
1.10434 0.203407 -0.0273006 0.339744 0.656035 0.45425 0.889965 -0.0402408
1.10434 0.203407 0.0273006 0.339744 0.643536 0.45425 0.889965 0.0402408
1.11279 0.198969 -0 0.341929 0.649786 0.535587 0.84448 -7.81888e-17
1.10434 0.203407 0.0273006 0.338433 0.625188 0.45425 0.889965 0.0402408
1.12345 0.191213 0.0230349 0.343637 0.626076 0.624578 0.780672 0.021298
1.11279 0.198969 -0 0.340716 0.631402 0.535587 0.84448 -7.81888e-17
1.19034 0.0876037 -0.0528949 0.457862 0.603517 0.923776 0.38288 -0.00641057
1.17287 0.124197 -0.102377 0.446534 0.594235 0.888614 0.450591 -0.0856325
1.17371 0.123753 -0.0511886 0.458253 0.594408 0.888349 0.459098 -0.00801521
1.17287 0.124197 -0.102377 0.205022 0.604201 0.888614 0.450591 -0.0856325
1.15593 0.154703 -0.0460697 0.217914 0.596216 0.823601 0.56681 -0.0202082
1.17371 0.123753 -0.0511886 0.21674 0.604387 0.888349 0.459098 -0.00801521
1.15593 0.154703 -0.0460697 0.435167 0.591707 0.823601 0.56681 -0.0202082
1.17413 0.123531 -1.73472e-18 0.445713 0.599969 0.890248 0.455476 3.03876e-17
1.17371 0.123753 -0.0511886 0.433995 0.599877 0.888349 0.459098 -0.00801521
1.15593 0.154703 0.0460697 0.316365 0.596216 0.823601 0.56681 0.0202082
1.17287 0.124197 0.102377 0.329257 0.6042 0.888614 0.450591 0.0856325
1.17371 0.123753 0.0511886 0.317539 0.604387 0.888349 0.459098 0.00801521
1.19034 0.0876037 0.0528949 0.433995 0.599969 0.923776 0.38288 0.00641057
1.17413 0.123531 -1.73472e-18 0.421887 0.590947 0.890248 0.455476 3.03876e-17
1.17371 0.123753 0.0511886 0.433605 0.590861 0.888349 0.459098 0.00801521
1.17287 0.124197 0.102377 0.457472 0.612945 0.888614 0.450591 0.0856325
1.19034 0.0876037 0.0528949 0.446144 0.622227 0.923776 0.38288 0.00641057
1.17371 0.123753 0.0511886 0.445753 0.613118 0.888349 0.459098 0.00801521
1.19034 0.0876037 0.0528949 0.373449 0.590549 0.923776 0.38288 0.00641057
1.20409 0.0488136 0.102377 0.384777 0.599969 0.946404 0.310074 0.0904105
1.20431 0.0498851 0.0511886 0.373058 0.599756 0.952028 0.30591 0.00783644
1.20409 0.0488136 0.102377 0.360168 0.591167 0.946404 0.310074 0.0904105
1.21412 0.0142273 0.0460697 0.347276 0.599408 0.980749 0.19435 0.0189805
1.20431 0.0498851 0.0511886 0.34845 0.590943 0.952028 0.30591 0.00783644
1.21412 0.0142273 0.0460697 0.44766 0.556375 0.980749 0.19435 0.0189805
1.20442 0.0504209 -1.73472e-18 0.437114 0.547797 0.950868 0.309597 -1.95333e-18
1.20431 0.0498851 0.0511886 0.448832 0.547909 0.952028 0.30591 0.00783644
1.21412 0.0142273 -0.0460697 0.373058 0.599407 0.980749 0.19435 -0.0189805
1.20409 0.0488136 -0.102377 0.360168 0.591167 0.946404 0.310074 -0.0904105
1.20431 0.0498851 -0.0511886 0.371886 0.590942 0.952028 0.30591 -0.00783644
1.20409 0.0488136 -0.102377 0.446534 0.612945 0.946404 0.310074 -0.0904105
1.19034 0.0876037 -0.0528949 0.457862 0.603524 0.923776 0.38288 -0.00641057
1.20431 0.0498851 -0.0511886 0.458253 0.612731 0.952028 0.30591 -0.00783644
1.19034 0.0876037 -0.0528949 0.401163 0.547169 0.923776 0.38288 -0.00641057
1.20442 0.0504209 -1.73472e-18 0.413269 0.556273 0.950868 0.309597 -1.95333e-18
1.20431 0.0498851 -0.0511886 0.401546 0.556375 0.952028 0.30591 -0.00783644
1.15485 0 -0.478354 0.315674 0.514061 0.953637 0.0420454 -0.298008
1.21717 -0.0210972 -0.0750766 0.408456 0.514607 0.989459 -0.0957532 -0.108634
1.12102 -0.0883883 -0.464344 0.318552 0.535594 0.842266 -0.382527 -0.379816
1 0.25 -0 0.417781 0.491924 0.148203 0.988957 -5.23395e-17
1.10434 0.203407 -0.0273006 0.443733 0.498968 0.45425 0.889965 -0.0402408
0.96194 0.25 -0.191342 0.408456 0.535594 -0.0792442 0.996731 0.0157627
1.12102 0.0883883 -0.464344 0.112018 0.840835 0.865195 0.382767 -0.323923
0.832107 0.176777 -0.832107 0.0138245 0.793621 0.53651 0.675755 -0.505481
1.10411 0.132583 -0.457338 0.113888 0.830046 0.856099 0.382675 -0.347354
1.0872 0.176777 -0.450333 0.315892 0.404299 0.703808 0.679095 -0.208528
1.17287 0.124197 -0.102377 0.39624 0.424045 0.888614 0.450591 -0.0856325
1.10411 0.132583 -0.457338 0.31413 0.415081 0.856099 0.382675 -0.347354
1.17678 -0.176777 -0 0.401163 0.583552 0.812318 -0.583214 -7.54595e-17
1.21522 -0.0642915 0.0273006 0.407498 0.556375 0.962194 -0.260738 0.078724
1.13199 -0.176777 0.225166 0.453559 0.587242 0.644843 -0.753475 0.128267
1.0872 0.176777 0.450333 0.540984 0.398665 0.703808 0.679095 0.208528
1.13427 0.179043 0.0750766 0.552781 0.483945 0.620075 0.781693 0.0668163
1.00554 0.213388 0.416508 0.520904 0.406999 0.351238 0.923863 0.152019
1.12102 0.0883883 0.464344 0.235258 0.909628 0.865195 0.382767 0.323923
0.883883 0 0.883883 0.347276 0.903977 0.763288 0.0588573 0.643372
1.13794 0.0441942 0.471349 0.237129 0.920418 0.856016 0.382675 0.347556
1.15485 0 0.478354 0.316365 0.602737 0.953637 0.0420454 0.298008
1.20409 0.0488136 0.102377 0.229318 0.595572 0.946404 0.310074 0.0904105
1.13794 0.0441942 0.471349 0.314883 0.59191 0.856016 0.382675 0.347556
1.0872 -0.176777 -0.450333 0.111337 0.587242 0.801153 -0.546666 -0.243537
1.21522 -0.0642915 -0.0273006 0.209814 0.552572 0.962194 -0.260738 -0.078724
1.13199 -0.176777 -0.225166 0.163758 0.5835 0.644843 -0.753475 -0.128267
0.92388 0.25 -0.382683 0.843993 0.449317 0.140536 0.989964 -0.0148301
1.13427 0.179043 -0.0750766 0.897129 0.380839 0.620075 0.781693 -0.0668163
1.00554 0.213388 -0.416508 0.864137 0.457802 0.351238 0.923863 -0.152019
1.15485 0 -0.478354 0.108277 0.862414 0.953637 0.0420454 -0.298008
0.883883 0 -0.883883 0 0.835184 0.763288 0.0588573 -0.643372
1.13794 0.0441942 -0.471349 0.110147 0.851625 0.856016 0.382675 -0.347556
1.12102 0.0883883 -0.464344 0.317288 0.492144 0.865195 0.382767 -0.323923
1.20409 0.0488136 -0.102377 0.401392 0.50738 0.946404 0.310074 -0.0904105
1.13794 0.0441942 -0.471349 0.315674 0.502984 0.856016 0.382675 -0.347556
1.0872 -0.176777 0.450333 0.302426 0.587242 0.801153 -0.546666 0.243537
1.21717 -0.0210972 0.0750766 0.215187 0.543743 0.989459 -0.0957532 0.108634
1.12102 -0.0883883 0.464344 0.305497 0.565595 0.842266 -0.382527 0.379816
0.92388 0.25 0.382683 0 0.0728752 0.140536 0.989964 0.0148301
1.10434 0.203407 0.0273006 0.0450884 0.152907 0.45425 0.889965 0.0402408
0.96194 0.25 0.191342 0.00959039 0.116491 -0.0792442 0.996731 -0.0157627
1.12102 0.0883883 0.464344 0.542658 0.495227 0.865195 0.382767 0.323923
1.17287 0.124197 0.102377 0.458613 0.492565 0.888614 0.450591 0.0856325
1.10411 0.132583 0.457338 0.54098 0.484408 0.856099 0.382675 0.347354
