Vertex Count: 756

Data:

27.5 25 -139.327 0.0495 0 1 0 0
27.5 0 -139.327 0.0495 1 1 0 0
27.5 0 -267.5 0 1 1 0 0
27.5 25 -267.5 0 0 1 0 0
27.5 25 -139.327 0.0495 0 1 0 0
27.5 0 -267.5 0 1 1 0 0
54.4782 25 -131.188 0.0604 0 0.3811 0 -0.9245
54.4782 0 -131.188 0.0604 1 0.3811 0 -0.9245
27.5 0 -139.327 0.0495 1 0.2889 0 -0.9574
27.5 25 -139.327 0.0495 0 0.2889 0 -0.9574
54.4782 25 -131.188 0.0604 0 0.3811 0 -0.9245
27.5 0 -139.327 0.0495 1 0.2889 0 -0.9574
78.9209 25 -118.18 0.0711 0 0.5526 0 -0.8334
78.9209 0 -118.18 0.0711 1 0.5526 0 -0.8334
54.4782 0 -131.188 0.0604 1 0.3811 0 -0.9245
54.4782 25 -131.188 0.0604 0 0.3811 0 -0.9245
78.9209 25 -118.18 0.0711 0 0.5526 0 -0.8334
54.4782 0 -131.188 0.0604 1 0.3811 0 -0.9245
100.24 25 -100.872 0.0817 0 0.7018 0 -0.7123
100.24 0 -100.872 0.0817 1 0.7018 0 -0.7123
78.9209 0 -118.18 0.0711 1 0.5526 0 -0.8334
78.9209 25 -118.18 0.0711 0 0.5526 0 -0.8334
100.24 25 -100.872 0.0817 0 0.7018 0 -0.7123
78.9209 0 -118.18 0.0711 1 0.5526 0 -0.8334
117.845 25 -79.8322 0.0923 0 0.8255 0 -0.5644
117.845 0 -79.8322 0.0923 1 0.8255 0 -0.5644
100.24 0 -100.872 0.0817 1 0.7018 0 -0.7123
100.24 25 -100.872 0.0817 0 0.7018 0 -0.7123
117.845 25 -79.8322 0.0923 0 0.8255 0 -0.5644
100.24 0 -100.872 0.0817 1 0.7018 0 -0.7123
131.15 25 -55.6283 0.103 0 0.9197 0 -0.3926
131.15 0 -55.6283 0.103 1 0.9197 0 -0.3926
117.845 0 -79.8322 0.0923 1 0.8255 0 -0.5644
117.845 25 -79.8322 0.0923 0 0.8255 0 -0.5644
131.15 25 -55.6283 0.103 0 0.9197 0 -0.3926
117.845 0 -79.8322 0.0923 1 0.8255 0 -0.5644
139.564 25 -28.8282 0.1138 0 0.9795 0 -0.2015
139.564 0 -28.8282 0.1138 1 0.9795 0 -0.2015
131.15 0 -55.6283 0.103 1 0.9197 0 -0.3926
131.15 25 -55.6283 0.103 0 0.9197 0 -0.3926
139.564 25 -28.8282 0.1138 0 0.9795 0 -0.2015
131.15 0 -55.6283 0.103 1 0.9197 0 -0.3926
142.5 25 0 0.125 0 1 0 0
142.5 0 0 0.125 1 1 0 0
139.564 0 -28.8282 0.1138 1 0.9795 0 -0.2015
139.564 25 -28.8282 0.1138 0 0.9795 0 -0.2015
142.5 25 0 0.125 0 1 0 0
139.564 0 -28.8282 0.1138 1 0.9795 0 -0.2015
139.564 25 28.8276 0.1362 0 0.9795 0 0.2015
139.564 0 28.8276 0.1362 1 0.9795 0 0.2015
142.5 0 0 0.125 1 1 0 0
142.5 25 0 0.125 0 1 0 0
139.564 25 28.8276 0.1362 0 0.9795 0 0.2015
142.5 0 0 0.125 1 1 0 0
131.15 25 55.6272 0.147 0 0.9197 0 0.3926
131.15 0 55.6272 0.147 1 0.9197 0 0.3926
139.564 0 28.8276 0.1362 1 0.9795 0 0.2015
139.564 25 28.8276 0.1362 0 0.9795 0 0.2015
131.15 25 55.6272 0.147 0 0.9197 0 0.3926
139.564 0 28.8276 0.1362 1 0.9795 0 0.2015
117.845 25 79.8309 0.1577 0 0.8255 0 0.5644
117.845 0 79.8309 0.1577 1 0.8255 0 0.5644
131.15 0 55.6272 0.147 1 0.9197 0 0.3926
131.15 25 55.6272 0.147 0 0.9197 0 0.3926
117.845 25 79.8309 0.1577 0 0.8255 0 0.5644
131.15 0 55.6272 0.147 1 0.9197 0 0.3926
100.239 25 100.871 0.1683 0 0.7018 0 0.7123
100.239 0 100.871 0.1683 1 0.7018 0 0.7123
117.845 0 79.8309 0.1577 1 0.8255 0 0.5644
117.845 25 79.8309 0.1577 0 0.8255 0 0.5644
100.239 25 100.871 0.1683 0 0.7018 0 0.7123
117.845 0 79.8309 0.1577 1 0.8255 0 0.5644
78.9199 25 118.179 0.1789 0 0.5526 0 0.8334
78.9199 0 118.179 0.1789 1 0.5526 0 0.8334
100.239 0 100.871 0.1683 1 0.7018 0 0.7123
100.239 25 100.871 0.1683 0 0.7018 0 0.7123
78.9199 25 118.179 0.1789 0 0.5526 0 0.8334
100.239 0 100.871 0.1683 1 0.7018 0 0.7123
54.4774 25 131.187 0.1896 0 0.3812 0 0.9245
54.4774 0 131.187 0.1896 1 0.3812 0 0.9245
78.9199 0 118.179 0.1789 1 0.5526 0 0.8334
78.9199 25 118.179 0.1789 0 0.5526 0 0.8334
54.4774 25 131.187 0.1896 0 0.3812 0 0.9245
78.9199 0 118.179 0.1789 1 0.5526 0 0.8334
27.5 25 139.327 0.2005 0 0.2889 0 0.9574
27.5 0 139.327 0.2005 1 0.2889 0 0.9574
54.4774 0 131.187 0.1896 1 0.3812 0 0.9245
54.4774 25 131.187 0.1896 0 0.3812 0 0.9245
27.5 25 139.327 0.2005 0 0.2889 0 0.9574
54.4774 0 131.187 0.1896 1 0.3812 0 0.9245
27.5 25 267.5 0.25 0 1 0 0
27.5 0 267.5 0.25 1 1 0 0
27.5 0 139.327 0.2005 1 1 0 0
27.5 25 139.327 0.2005 0 1 0 0
27.5 25 267.5 0.25 0 1 0 0
27.5 0 139.327 0.2005 1 1 0 0
-100.673 25 267.5 0.2995 0 0 0 1
-100.673 0 267.5 0.2995 1 0 0 1
27.5 0 267.5 0.25 1 0 0 1
27.5 25 267.5 0.25 0 0 0 1
-100.673 25 267.5 0.2995 0 0 0 1
27.5 0 267.5 0.25 1 0 0 1
-108.813 25 294.478 0.3104 0 0.9245 0 0.3812
-108.813 0 294.478 0.3104 1 0.9245 0 0.3812
-100.673 0 267.5 0.2995 1 0.9574 0 0.2889
-100.673 25 267.5 0.2995 0 0.9574 0 0.2889
-108.813 25 294.478 0.3104 0 0.9245 0 0.3812
-100.673 0 267.5 0.2995 1 0.9574 0 0.2889
-121.821 25 318.92 0.3211 0 0.8334 0 0.5526
-121.821 0 318.92 0.3211 1 0.8334 0 0.5526
-108.813 0 294.478 0.3104 1 0.9245 0 0.3812
-108.813 25 294.478 0.3104 0 0.9245 0 0.3812
-121.821 25 318.92 0.3211 0 0.8334 0 0.5526
-108.813 0 294.478 0.3104 1 0.9245 0 0.3812
-139.129 25 340.239 0.3317 0 0.7123 0 0.7018
-139.129 0 340.239 0.3317 1 0.7123 0 0.7018
-121.821 0 318.92 0.3211 1 0.8334 0 0.5526
-121.821 25 318.92 0.3211 0 0.8334 0 0.5526
-139.129 25 340.239 0.3317 0 0.7123 0 0.7018
-121.821 0 318.92 0.3211 1 0.8334 0 0.5526
-160.168 25 357.845 0.3423 0 0.5644 0 0.8255
-160.168 0 357.845 0.3423 1 0.5644 0 0.8255
-139.129 0 340.239 0.3317 1 0.7123 0 0.7018
-139.129 25 340.239 0.3317 0 0.7123 0 0.7018
-160.168 25 357.845 0.3423 0 0.5644 0 0.8255
-139.129 0 340.239 0.3317 1 0.7123 0 0.7018
-184.372 25 371.15 0.353 0 0.3926 0 0.9197
-184.372 0 371.15 0.353 1 0.3926 0 0.9197
-160.168 0 357.845 0.3423 1 0.5644 0 0.8255
-160.168 25 357.845 0.3423 0 0.5644 0 0.8255
-184.372 25 371.15 0.353 0 0.3926 0 0.9197
-160.168 0 357.845 0.3423 1 0.5644 0 0.8255
-211.172 25 379.564 0.3638 0 0.2015 0 0.9795
-211.172 0 379.564 0.3638 1 0.2015 0 0.9795
-184.372 0 371.15 0.353 1 0.3926 0 0.9197
-184.372 25 371.15 0.353 0 0.3926 0 0.9197
-211.172 25 379.564 0.3638 0 0.2015 0 0.9795
-184.372 0 371.15 0.353 1 0.3926 0 0.9197
-240 25 382.5 0.375 0 0 0 1
-240 0 382.5 0.375 1 0 0 1
-211.172 0 379.564 0.3638 1 0.2015 0 0.9795
-211.172 25 379.564 0.3638 0 0.2015 0 0.9795
-240 25 382.5 0.375 0 0 0 1
-211.172 0 379.564 0.3638 1 0.2015 0 0.9795
-268.828 25 379.564 0.3862 0 -0.2015 0 0.9795
-268.828 0 379.564 0.3862 1 -0.2015 0 0.9795
-240 0 382.5 0.375 1 0 0 1
-240 25 382.5 0.375 0 0 0 1
-268.828 25 379.564 0.3862 0 -0.2015 0 0.9795
-240 0 382.5 0.375 1 0 0 1
-295.628 25 371.15 0.397 0 -0.3926 0 0.9197
-295.628 0 371.15 0.397 1 -0.3926 0 0.9197
-268.828 0 379.564 0.3862 1 -0.2015 0 0.9795
-268.828 25 379.564 0.3862 0 -0.2015 0 0.9795
-295.628 25 371.15 0.397 0 -0.3926 0 0.9197
-268.828 0 379.564 0.3862 1 -0.2015 0 0.9795
-319.832 25 357.845 0.4077 0 -0.5644 0 0.8255
-319.832 0 357.845 0.4077 1 -0.5644 0 0.8255
-295.628 0 371.15 0.397 1 -0.3926 0 0.9197
-295.628 25 371.15 0.397 0 -0.3926 0 0.9197
-319.832 25 357.845 0.4077 0 -0.5644 0 0.8255
-295.628 0 371.15 0.397 1 -0.3926 0 0.9197
-340.872 25 340.24 0.4183 0 -0.7123 0 0.7018
-340.872 0 340.24 0.4183 1 -0.7123 0 0.7018
-319.832 0 357.845 0.4077 1 -0.5644 0 0.8255
-319.832 25 357.845 0.4077 0 -0.5644 0 0.8255
-340.872 25 340.24 0.4183 0 -0.7123 0 0.7018
-319.832 0 357.845 0.4077 1 -0.5644 0 0.8255
-358.18 25 318.921 0.4289 0 -0.8334 0 0.5526
-358.18 0 318.921 0.4289 1 -0.8334 0 0.5526
-340.872 0 340.24 0.4183 1 -0.7123 0 0.7018
-340.872 25 340.24 0.4183 0 -0.7123 0 0.7018
-358.18 25 318.921 0.4289 0 -0.8334 0 0.5526
-340.872 0 340.24 0.4183 1 -0.7123 0 0.7018
-371.187 25 294.478 0.4396 0 -0.9245 0 0.3812
-371.187 0 294.478 0.4396 1 -0.9245 0 0.3812
-358.18 0 318.921 0.4289 1 -0.8334 0 0.5526
-358.18 25 318.921 0.4289 0 -0.8334 0 0.5526
-371.187 25 294.478 0.4396 0 -0.9245 0 0.3812
-358.18 0 318.921 0.4289 1 -0.8334 0 0.5526
-379.327 25 267.5 0.4505 0 -0.9574 0 0.2889
-379.327 0 267.5 0.4505 1 -0.9574 0 0.2889
-371.187 0 294.478 0.4396 1 -0.9245 0 0.3812
-371.187 25 294.478 0.4396 0 -0.9245 0 0.3812
-379.327 25 267.5 0.4505 0 -0.9574 0 0.2889
-371.187 0 294.478 0.4396 1 -0.9245 0 0.3812
-507.5 25 267.5 0.5 0 0 0 1
-507.5 0 267.5 0.5 1 0 0 1
-379.327 0 267.5 0.4505 1 0 0 1
-379.327 25 267.5 0.4505 0 0 0 1
-507.5 25 267.5 0.5 0 0 0 1
-379.327 0 267.5 0.4505 1 0 0 1
-507.5 25 139.327 0.5495 0 -1 0 0
-507.5 0 139.327 0.5495 1 -1 0 0
-507.5 0 267.5 0.5 1 -1 0 0
-507.5 25 267.5 0.5 0 -1 0 0
-507.5 25 139.327 0.5495 0 -1 0 0
-507.5 0 267.5 0.5 1 -1 0 0
-534.478 25 131.188 0.5604 0 -0.3811 0 0.9245
-534.478 0 131.188 0.5604 1 -0.3811 0 0.9245
-507.5 0 139.327 0.5495 1 -0.2889 0 0.9574
-507.5 25 139.327 0.5495 0 -0.2889 0 0.9574
-534.478 25 131.188 0.5604 0 -0.3811 0 0.9245
-507.5 0 139.327 0.5495 1 -0.2889 0 0.9574
-558.921 25 118.18 0.5711 0 -0.5526 0 0.8334
-558.921 0 118.18 0.5711 1 -0.5526 0 0.8334
-534.478 0 131.188 0.5604 1 -0.3811 0 0.9245
-534.478 25 131.188 0.5604 0 -0.3811 0 0.9245
-558.921 25 118.18 0.5711 0 -0.5526 0 0.8334
-534.478 0 131.188 0.5604 1 -0.3811 0 0.9245
-580.24 25 100.872 0.5817 0 -0.7018 0 0.7123
-580.24 0 100.872 0.5817 1 -0.7018 0 0.7123
-558.921 0 118.18 0.5711 1 -0.5526 0 0.8334
-558.921 25 118.18 0.5711 0 -0.5526 0 0.8334
-580.24 25 100.872 0.5817 0 -0.7018 0 0.7123
-558.921 0 118.18 0.5711 1 -0.5526 0 0.8334
-597.846 25 79.8322 0.5923 0 -0.8255 0 0.5644
-597.846 0 79.8322 0.5923 1 -0.8255 0 0.5644
-580.24 0 100.872 0.5817 1 -0.7018 0 0.7123
-580.24 25 100.872 0.5817 0 -0.7018 0 0.7123
-597.846 25 79.8322 0.5923 0 -0.8255 0 0.5644
-580.24 0 100.872 0.5817 1 -0.7018 0 0.7123
-611.15 25 55.6283 0.603 0 -0.9197 0 0.3926
-611.15 0 55.6283 0.603 1 -0.9197 0 0.3926
-597.846 0 79.8322 0.5923 1 -0.8255 0 0.5644
-597.846 25 79.8322 0.5923 0 -0.8255 0 0.5644
-611.15 25 55.6283 0.603 0 -0.9197 0 0.3926
-597.846 0 79.8322 0.5923 1 -0.8255 0 0.5644
-619.565 25 28.8282 0.6138 0 -0.9795 0 0.2015
-619.565 0 28.8282 0.6138 1 -0.9795 0 0.2015
-611.15 0 55.6283 0.603 1 -0.9197 0 0.3926
-611.15 25 55.6283 0.603 0 -0.9197 0 0.3926
-619.565 25 28.8282 0.6138 0 -0.9795 0 0.2015
-611.15 0 55.6283 0.603 1 -0.9197 0 0.3926
-622.5 25 -0 0.625 0 -1 0 -0
-622.5 0 -0 0.625 1 -1 0 -0
-619.565 0 28.8282 0.6138 1 -0.9795 0 0.2015
-619.565 25 28.8282 0.6138 0 -0.9795 0 0.2015
-622.5 25 -0 0.625 0 -1 0 -0
-619.565 0 28.8282 0.6138 1 -0.9795 0 0.2015
-619.564 25 -28.8276 0.6362 0 -0.9795 0 -0.2015
-619.564 0 -28.8276 0.6362 1 -0.9795 0 -0.2015
-622.5 0 -0 0.625 1 -1 0 -0
-622.5 25 -0 0.625 0 -1 0 -0
-619.564 25 -28.8276 0.6362 0 -0.9795 0 -0.2015
-622.5 0 -0 0.625 1 -1 0 -0
-611.15 25 -55.6272 0.647 0 -0.9197 0 -0.3926
-611.15 0 -55.6272 0.647 1 -0.9197 0 -0.3926
-619.564 0 -28.8276 0.6362 1 -0.9795 0 -0.2015
-619.564 25 -28.8276 0.6362 0 -0.9795 0 -0.2015
-611.15 25 -55.6272 0.647 0 -0.9197 0 -0.3926
-619.564 0 -28.8276 0.6362 1 -0.9795 0 -0.2015
-597.845 25 -79.8309 0.6577 0 -0.8255 0 -0.5644
-597.845 0 -79.8309 0.6577 1 -0.8255 0 -0.5644
-611.15 0 -55.6272 0.647 1 -0.9197 0 -0.3926
-611.15 25 -55.6272 0.647 0 -0.9197 0 -0.3926
-597.845 25 -79.8309 0.6577 0 -0.8255 0 -0.5644
-611.15 0 -55.6272 0.647 1 -0.9197 0 -0.3926
-580.239 25 -100.871 0.6683 0 -0.7018 0 -0.7123
-580.239 0 -100.871 0.6683 1 -0.7018 0 -0.7123
-597.845 0 -79.8309 0.6577 1 -0.8255 0 -0.5644
-597.845 25 -79.8309 0.6577 0 -0.8255 0 -0.5644
-580.239 25 -100.871 0.6683 0 -0.7018 0 -0.7123
-597.845 0 -79.8309 0.6577 1 -0.8255 0 -0.5644
-558.92 25 -118.179 0.6789 0 -0.5526 0 -0.8334
-558.92 0 -118.179 0.6789 1 -0.5526 0 -0.8334
-580.239 0 -100.871 0.6683 1 -0.7018 0 -0.7123
-580.239 25 -100.871 0.6683 0 -0.7018 0 -0.7123
-558.92 25 -118.179 0.6789 0 -0.5526 0 -0.8334
-580.239 0 -100.871 0.6683 1 -0.7018 0 -0.7123
-534.477 25 -131.187 0.6896 0 -0.3812 0 -0.9245
-534.477 0 -131.187 0.6896 1 -0.3812 0 -0.9245
-558.92 0 -118.179 0.6789 1 -0.5526 0 -0.8334
-558.92 25 -118.179 0.6789 0 -0.5526 0 -0.8334
-534.477 25 -131.187 0.6896 0 -0.3812 0 -0.9245
-558.92 0 -118.179 0.6789 1 -0.5526 0 -0.8334
-507.5 25 -139.327 0.7005 0 -0.2889 0 -0.9574
-507.5 0 -139.327 0.7005 1 -0.2889 0 -0.9574
-534.477 0 -131.187 0.6896 1 -0.3812 0 -0.9245
-534.477 25 -131.187 0.6896 0 -0.3812 0 -0.9245
-507.5 25 -139.327 0.7005 0 -0.2889 0 -0.9574
-534.477 0 -131.187 0.6896 1 -0.3812 0 -0.9245
-507.5 25 -267.5 0.75 0 -1 0 0
-507.5 0 -267.5 0.75 1 -1 0 0
-507.5 0 -139.327 0.7005 1 -1 0 0
-507.5 25 -139.327 0.7005 0 -1 0 0
-507.5 25 -267.5 0.75 0 -1 0 0
-507.5 0 -139.327 0.7005 1 -1 0 0
-379.327 25 -267.5 0.7995 0 0 0 -1
-379.327 0 -267.5 0.7995 1 0 0 -1
-507.5 0 -267.5 0.75 1 0 0 -1
-507.5 25 -267.5 0.75 0 0 0 -1
-379.327 25 -267.5 0.7995 0 0 0 -1
-507.5 0 -267.5 0.75 1 0 0 -1
-371.188 25 -294.478 0.8104 0 -0.9245 0 -0.3811
-371.188 0 -294.478 0.8104 1 -0.9245 0 -0.3811
-379.327 0 -267.5 0.7995 1 -0.9574 0 -0.2888
-379.327 25 -267.5 0.7995 0 -0.9574 0 -0.2888
-371.188 25 -294.478 0.8104 0 -0.9245 0 -0.3811
-379.327 0 -267.5 0.7995 1 -0.9574 0 -0.2888
-358.18 25 -318.921 0.8211 0 -0.8334 0 -0.5526
-358.18 0 -318.921 0.8211 1 -0.8334 0 -0.5526
-371.188 0 -294.478 0.8104 1 -0.9245 0 -0.3811
-371.188 25 -294.478 0.8104 0 -0.9245 0 -0.3811
-358.18 25 -318.921 0.8211 0 -0.8334 0 -0.5526
-371.188 0 -294.478 0.8104 1 -0.9245 0 -0.3811
-340.872 25 -340.24 0.8317 0 -0.7123 0 -0.7018
-340.872 0 -340.24 0.8317 1 -0.7123 0 -0.7018
-358.18 0 -318.921 0.8211 1 -0.8334 0 -0.5526
-358.18 25 -318.921 0.8211 0 -0.8334 0 -0.5526
-340.872 25 -340.24 0.8317 0 -0.7123 0 -0.7018
-358.18 0 -318.921 0.8211 1 -0.8334 0 -0.5526
-319.832 25 -357.845 0.8423 0 -0.5644 0 -0.8255
-319.832 0 -357.845 0.8423 1 -0.5644 0 -0.8255
-340.872 0 -340.24 0.8317 1 -0.7123 0 -0.7018
-340.872 25 -340.24 0.8317 0 -0.7123 0 -0.7018
-319.832 25 -357.845 0.8423 0 -0.5644 0 -0.8255
-340.872 0 -340.24 0.8317 1 -0.7123 0 -0.7018
-295.628 25 -371.15 0.853 0 -0.3926 0 -0.9197
-295.628 0 -371.15 0.853 1 -0.3926 0 -0.9197
-319.832 0 -357.845 0.8423 1 -0.5644 0 -0.8255
-319.832 25 -357.845 0.8423 0 -0.5644 0 -0.8255
-295.628 25 -371.15 0.853 0 -0.3926 0 -0.9197
-319.832 0 -357.845 0.8423 1 -0.5644 0 -0.8255
-268.828 25 -379.565 0.8638 0 -0.2015 0 -0.9795
-268.828 0 -379.565 0.8638 1 -0.2015 0 -0.9795
-295.628 0 -371.15 0.853 1 -0.3926 0 -0.9197
-295.628 25 -371.15 0.853 0 -0.3926 0 -0.9197
-268.828 25 -379.565 0.8638 0 -0.2015 0 -0.9795
-295.628 0 -371.15 0.853 1 -0.3926 0 -0.9197
-240 25 -382.5 0.875 0 0 0 -1
-240 0 -382.5 0.875 1 0 0 -1
-268.828 0 -379.565 0.8638 1 -0.2015 0 -0.9795
-268.828 25 -379.565 0.8638 0 -0.2015 0 -0.9795
-240 25 -382.5 0.875 0 0 0 -1
-268.828 0 -379.565 0.8638 1 -0.2015 0 -0.9795
-211.172 25 -379.564 0.8862 0 0.2015 0 -0.9795
-211.172 0 -379.564 0.8862 1 0.2015 0 -0.9795
-240 0 -382.5 0.875 1 0 0 -1
-240 25 -382.5 0.875 0 0 0 -1
-211.172 25 -379.564 0.8862 0 0.2015 0 -0.9795
-240 0 -382.5 0.875 1 0 0 -1
-184.372 25 -371.15 0.897 0 0.3926 0 -0.9197
-184.372 0 -371.15 0.897 1 0.3926 0 -0.9197
-211.172 0 -379.564 0.8862 1 0.2015 0 -0.9795
-211.172 25 -379.564 0.8862 0 0.2015 0 -0.9795
-184.372 25 -371.15 0.897 0 0.3926 0 -0.9197
-211.172 0 -379.564 0.8862 1 0.2015 0 -0.9795
-160.169 25 -357.845 0.9077 0 0.5644 0 -0.8255
-160.169 0 -357.845 0.9077 1 0.5644 0 -0.8255
-184.372 0 -371.15 0.897 1 0.3926 0 -0.9197
-184.372 25 -371.15 0.897 0 0.3926 0 -0.9197
-160.169 25 -357.845 0.9077 0 0.5644 0 -0.8255
-184.372 0 -371.15 0.897 1 0.3926 0 -0.9197
-139.129 25 -340.239 0.9183 0 0.7123 0 -0.7018
-139.129 0 -340.239 0.9183 1 0.7123 0 -0.7018
-160.169 0 -357.845 0.9077 1 0.5644 0 -0.8255
-160.169 25 -357.845 0.9077 0 0.5644 0 -0.8255
-139.129 25 -340.239 0.9183 0 0.7123 0 -0.7018
-160.169 0 -357.845 0.9077 1 0.5644 0 -0.8255
-121.821 25 -318.92 0.9289 0 0.8334 0 -0.5526
-121.821 0 -318.92 0.9289 1 0.8334 0 -0.5526
-139.129 0 -340.239 0.9183 1 0.7123 0 -0.7018
-139.129 25 -340.239 0.9183 0 0.7123 0 -0.7018
-121.821 25 -318.92 0.9289 0 0.8334 0 -0.5526
-139.129 0 -340.239 0.9183 1 0.7123 0 -0.7018
-108.813 25 -294.478 0.9396 0 0.9245 0 -0.3812
-108.813 0 -294.478 0.9396 1 0.9245 0 -0.3812
-121.821 0 -318.92 0.9289 1 0.8334 0 -0.5526
-121.821 25 -318.92 0.9289 0 0.8334 0 -0.5526
-108.813 25 -294.478 0.9396 0 0.9245 0 -0.3812
-121.821 0 -318.92 0.9289 1 0.8334 0 -0.5526
-100.673 25 -267.5 0.9505 0 0.9574 0 -0.2889
-100.673 0 -267.5 0.9505 1 0.9574 0 -0.2889
-108.813 0 -294.478 0.9396 1 0.9245 0 -0.3812
-108.813 25 -294.478 0.9396 0 0.9245 0 -0.3812
-100.673 25 -267.5 0.9505 0 0.9574 0 -0.2889
-108.813 0 -294.478 0.9396 1 0.9245 0 -0.3812
27.5 25 -267.5 1 0 0 0 -1
27.5 0 -267.5 1 1 0 0 -1
-100.673 0 -267.5 0.9505 1 0 0 -1
-100.673 25 -267.5 0.9505 0 0 0 -1
27.5 25 -267.5 1 0 0 0 -1
-100.673 0 -267.5 0.9505 1 0 0 -1
-507.5 0 -267.5 0.8497 0.8497 0 -1 0
-379.327 0 -267.5 0.8497 0.6821 0 -1 0
-507.5 0 -139.327 0.6821 0.8497 0 -1 0
-507.5 0 267.5 0.1503 0.8497 0 -1 0
-507.5 0 139.327 0.3179 0.8497 0 -1 0
-379.327 0 267.5 0.1503 0.6821 0 -1 0
27.5 0 267.5 0.1503 0.1503 0 -1 0
-100.673 0 267.5 0.1503 0.3179 0 -1 0
27.5 0 139.327 0.3179 0.1503 0 -1 0
27.5 0 -267.5 0.8497 0.1503 0 -1 0
27.5 0 -139.327 0.6821 0.1503 0 -1 0
-100.673 0 -267.5 0.8497 0.3179 0 -1 0
142.5 0 0 0.5 0 0 -1 0
139.564 0 28.8276 0.4623 0.00379997 0 -1 0
139.564 0 -28.8282 0.5377 0.00379997 0 -1 0
139.564 0 28.8276 0.4623 0.00379997 0 -1 0
131.15 0 55.6272 0.4273 0.0148 0 -1 0
139.564 0 -28.8282 0.5377 0.00379997 0 -1 0
139.564 0 -28.8282 0.5377 0.00379997 0 -1 0
131.15 0 55.6272 0.4273 0.0148 0 -1 0
131.15 0 -55.6283 0.5727 0.0148 0 -1 0
131.15 0 55.6272 0.4273 0.0148 0 -1 0
117.845 0 79.8309 0.3956 0.0322 0 -1 0
131.15 0 -55.6283 0.5727 0.0148 0 -1 0
131.15 0 -55.6283 0.5727 0.0148 0 -1 0
117.845 0 79.8309 0.3956 0.0322 0 -1 0
117.845 0 -79.8322 0.6044 0.0322 0 -1 0
117.845 0 -79.8322 0.6044 0.0322 0 -1 0
117.845 0 79.8309 0.3956 0.0322 0 -1 0
100.24 0 -100.872 0.6319 0.0552 0 -1 0
117.845 0 79.8309 0.3956 0.0322 0 -1 0
100.239 0 100.871 0.3681 0.0552 0 -1 0
100.24 0 -100.872 0.6319 0.0552 0 -1 0
100.24 0 -100.872 0.6319 0.0552 0 -1 0
100.239 0 100.871 0.3681 0.0552 0 -1 0
78.9209 0 -118.18 0.6545 0.0831 0 -1 0
100.239 0 100.871 0.3681 0.0552 0 -1 0
78.9199 0 118.179 0.3455 0.0831 0 -1 0
78.9209 0 -118.18 0.6545 0.0831 0 -1 0
78.9209 0 -118.18 0.6545 0.0831 0 -1 0
78.9199 0 118.179 0.3455 0.0831 0 -1 0
54.4782 0 -131.188 0.6715 0.1151 0 -1 0
54.4782 0 -131.188 0.6715 0.1151 0 -1 0
78.9199 0 118.179 0.3455 0.0831 0 -1 0
27.5 0 -139.327 0.6821 0.1503 0 -1 0
78.9199 0 118.179 0.3455 0.0831 0 -1 0
54.4774 0 131.187 0.3285 0.1151 0 -1 0
27.5 0 -139.327 0.6821 0.1503 0 -1 0
54.4774 0 131.187 0.3285 0.1151 0 -1 0
27.5 0 139.327 0.3179 0.1503 0 -1 0
27.5 0 -139.327 0.6821 0.1503 0 -1 0
27.5 0 -139.327 0.6821 0.1503 0 -1 0
27.5 0 139.327 0.3179 0.1503 0 -1 0
-100.673 0 -267.5 0.8497 0.3179 0 -1 0
27.5 0 139.327 0.3179 0.1503 0 -1 0
-100.673 0 267.5 0.1503 0.3179 0 -1 0
-100.673 0 -267.5 0.8497 0.3179 0 -1 0
-100.673 0 -267.5 0.8497 0.3179 0 -1 0
-100.673 0 267.5 0.1503 0.3179 0 -1 0
-108.813 0 -294.478 0.8849 0.3285 0 -1 0
-108.813 0 -294.478 0.8849 0.3285 0 -1 0
-100.673 0 267.5 0.1503 0.3179 0 -1 0
-121.821 0 -318.92 0.9169 0.3455 0 -1 0
-121.821 0 -318.92 0.9169 0.3455 0 -1 0
-100.673 0 267.5 0.1503 0.3179 0 -1 0
-139.129 0 -340.239 0.9448 0.3681 0 -1 0
-139.129 0 -340.239 0.9448 0.3681 0 -1 0
-100.673 0 267.5 0.1503 0.3179 0 -1 0
-160.169 0 -357.845 0.9678 0.3956 0 -1 0
-160.169 0 -357.845 0.9678 0.3956 0 -1 0
-100.673 0 267.5 0.1503 0.3179 0 -1 0
-184.372 0 -371.15 0.9852 0.4273 0 -1 0
-184.372 0 -371.15 0.9852 0.4273 0 -1 0
-100.673 0 267.5 0.1503 0.3179 0 -1 0
-211.172 0 -379.564 0.9962 0.4623 0 -1 0
-211.172 0 -379.564 0.9962 0.4623 0 -1 0
-100.673 0 267.5 0.1503 0.3179 0 -1 0
-240 0 -382.5 1 0.5 0 -1 0
-240 0 -382.5 1 0.5 0 -1 0
-100.673 0 267.5 0.1503 0.3179 0 -1 0
-268.828 0 -379.565 0.9962 0.5377 0 -1 0
-268.828 0 -379.565 0.9962 0.5377 0 -1 0
-100.673 0 267.5 0.1503 0.3179 0 -1 0
-295.628 0 -371.15 0.9852 0.5727 0 -1 0
-295.628 0 -371.15 0.9852 0.5727 0 -1 0
-100.673 0 267.5 0.1503 0.3179 0 -1 0
-319.832 0 -357.845 0.9678 0.6044 0 -1 0
-319.832 0 -357.845 0.9678 0.6044 0 -1 0
-100.673 0 267.5 0.1503 0.3179 0 -1 0
-340.872 0 -340.24 0.9448 0.6319 0 -1 0
-340.872 0 -340.24 0.9448 0.6319 0 -1 0
-100.673 0 267.5 0.1503 0.3179 0 -1 0
-358.18 0 -318.921 0.9169 0.6545 0 -1 0
-358.18 0 -318.921 0.9169 0.6545 0 -1 0
-100.673 0 267.5 0.1503 0.3179 0 -1 0
-371.188 0 -294.478 0.8849 0.6715 0 -1 0
-371.188 0 -294.478 0.8849 0.6715 0 -1 0
-100.673 0 267.5 0.1503 0.3179 0 -1 0
-379.327 0 -267.5 0.8497 0.6821 0 -1 0
-379.327 0 -267.5 0.8497 0.6821 0 -1 0
-100.673 0 267.5 0.1503 0.3179 0 -1 0
-507.5 0 -139.327 0.6821 0.8497 0 -1 0
-507.5 0 -139.327 0.6821 0.8497 0 -1 0
-100.673 0 267.5 0.1503 0.3179 0 -1 0
-534.477 0 -131.187 0.6715 0.8849 0 -1 0
-534.477 0 -131.187 0.6715 0.8849 0 -1 0
-100.673 0 267.5 0.1503 0.3179 0 -1 0
-558.92 0 -118.179 0.6545 0.9169 0 -1 0
-558.92 0 -118.179 0.6545 0.9169 0 -1 0
-100.673 0 267.5 0.1503 0.3179 0 -1 0
-580.239 0 -100.871 0.6319 0.9448 0 -1 0
-580.239 0 -100.871 0.6319 0.9448 0 -1 0
-100.673 0 267.5 0.1503 0.3179 0 -1 0
-597.845 0 -79.8309 0.6044 0.9678 0 -1 0
-597.845 0 -79.8309 0.6044 0.9678 0 -1 0
-100.673 0 267.5 0.1503 0.3179 0 -1 0
-611.15 0 -55.6272 0.5727 0.9852 0 -1 0
-611.15 0 -55.6272 0.5727 0.9852 0 -1 0
-100.673 0 267.5 0.1503 0.3179 0 -1 0
-619.564 0 -28.8276 0.5377 0.9962 0 -1 0
-619.564 0 -28.8276 0.5377 0.9962 0 -1 0
-100.673 0 267.5 0.1503 0.3179 0 -1 0
-622.5 0 -0 0.5 1 0 -1 0
-622.5 0 -0 0.5 1 0 -1 0
-100.673 0 267.5 0.1503 0.3179 0 -1 0
-619.565 0 28.8282 0.4623 0.9962 0 -1 0
-619.565 0 28.8282 0.4623 0.9962 0 -1 0
-100.673 0 267.5 0.1503 0.3179 0 -1 0
-611.15 0 55.6283 0.4273 0.9852 0 -1 0
-611.15 0 55.6283 0.4273 0.9852 0 -1 0
-100.673 0 267.5 0.1503 0.3179 0 -1 0
-597.846 0 79.8322 0.3956 0.9678 0 -1 0
-597.846 0 79.8322 0.3956 0.9678 0 -1 0
-100.673 0 267.5 0.1503 0.3179 0 -1 0
-580.24 0 100.872 0.3681 0.9448 0 -1 0
-580.24 0 100.872 0.3681 0.9448 0 -1 0
-100.673 0 267.5 0.1503 0.3179 0 -1 0
-558.921 0 118.18 0.3455 0.9169 0 -1 0
-100.673 0 267.5 0.1503 0.3179 0 -1 0
-108.813 0 294.478 0.1151 0.3285 0 -1 0
-558.921 0 118.18 0.3455 0.9169 0 -1 0
-240 0 382.5 0 0.5 0 -1 0
-268.828 0 379.564 0.0038 0.5377 0 -1 0
-211.172 0 379.564 0.0038 0.4623 0 -1 0
-211.172 0 379.564 0.0038 0.4623 0 -1 0
-268.828 0 379.564 0.0038 0.5377 0 -1 0
-184.372 0 371.15 0.0148 0.4273 0 -1 0
-268.828 0 379.564 0.0038 0.5377 0 -1 0
-295.628 0 371.15 0.0148 0.5727 0 -1 0
-184.372 0 371.15 0.0148 0.4273 0 -1 0
-184.372 0 371.15 0.0148 0.4273 0 -1 0
-295.628 0 371.15 0.0148 0.5727 0 -1 0
-160.168 0 357.845 0.0322 0.3956 0 -1 0
-295.628 0 371.15 0.0148 0.5727 0 -1 0
-319.832 0 357.845 0.0322 0.6044 0 -1 0
-160.168 0 357.845 0.0322 0.3956 0 -1 0
-319.832 0 357.845 0.0322 0.6044 0 -1 0
-340.872 0 340.24 0.0552 0.6319 0 -1 0
-160.168 0 357.845 0.0322 0.3956 0 -1 0
-160.168 0 357.845 0.0322 0.3956 0 -1 0
-340.872 0 340.24 0.0552 0.6319 0 -1 0
-139.129 0 340.239 0.0552 0.3681 0 -1 0
-340.872 0 340.24 0.0552 0.6319 0 -1 0
-358.18 0 318.921 0.0831 0.6545 0 -1 0
-139.129 0 340.239 0.0552 0.3681 0 -1 0
-139.129 0 340.239 0.0552 0.3681 0 -1 0
-358.18 0 318.921 0.0831 0.6545 0 -1 0
-121.821 0 318.92 0.0831 0.3455 0 -1 0
-358.18 0 318.921 0.0831 0.6545 0 -1 0
-371.187 0 294.478 0.1151 0.6715 0 -1 0
-121.821 0 318.92 0.0831 0.3455 0 -1 0
-371.187 0 294.478 0.1151 0.6715 0 -1 0
-379.327 0 267.5 0.1503 0.6821 0 -1 0
-121.821 0 318.92 0.0831 0.3455 0 -1 0
-121.821 0 318.92 0.0831 0.3455 0 -1 0
-379.327 0 267.5 0.1503 0.6821 0 -1 0
-108.813 0 294.478 0.1151 0.3285 0 -1 0
-379.327 0 267.5 0.1503 0.6821 0 -1 0
-507.5 0 139.327 0.3179 0.8497 0 -1 0
-108.813 0 294.478 0.1151 0.3285 0 -1 0
-108.813 0 294.478 0.1151 0.3285 0 -1 0
-507.5 0 139.327 0.3179 0.8497 0 -1 0
-558.921 0 118.18 0.3455 0.9169 0 -1 0
-507.5 0 139.327 0.3179 0.8497 0 -1 0
-534.478 0 131.188 0.3285 0.8849 0 -1 0
-558.921 0 118.18 0.3455 0.9169 0 -1 0
-379.327 25 -267.5 0.8497 0.6821 0 1 0
-507.5 25 -267.5 0.8497 0.8497 0 1 0
-507.5 25 -139.327 0.6821 0.8497 0 1 0
-507.5 25 139.327 0.3179 0.8497 0 1 0
-507.5 25 267.5 0.1503 0.8497 0 1 0
-379.327 25 267.5 0.1503 0.6821 0 1 0
-100.673 25 267.5 0.1503 0.3179 0 1 0
27.5 25 267.5 0.1503 0.1503 0 1 0
27.5 25 139.327 0.3179 0.1503 0 1 0
27.5 25 -139.327 0.6821 0.1503 0 1 0
27.5 25 -267.5 0.8497 0.1503 0 1 0
-100.673 25 -267.5 0.8497 0.3179 0 1 0
139.564 25 28.8276 0.4623 0.00379997 0 1 0
142.5 25 0 0.5 0 0 1 0
139.564 25 -28.8282 0.5377 0.00379997 0 1 0
131.15 25 55.6272 0.4273 0.0148 0 1 0
139.564 25 28.8276 0.4623 0.00379997 0 1 0
139.564 25 -28.8282 0.5377 0.00379997 0 1 0
131.15 25 55.6272 0.4273 0.0148 0 1 0
139.564 25 -28.8282 0.5377 0.00379997 0 1 0
131.15 25 -55.6283 0.5727 0.0148 0 1 0
117.845 25 79.8309 0.3956 0.0322 0 1 0
131.15 25 55.6272 0.4273 0.0148 0 1 0
131.15 25 -55.6283 0.5727 0.0148 0 1 0
117.845 25 79.8309 0.3956 0.0322 0 1 0
131.15 25 -55.6283 0.5727 0.0148 0 1 0
117.845 25 -79.8322 0.6044 0.0322 0 1 0
117.845 25 79.8309 0.3956 0.0322 0 1 0
117.845 25 -79.8322 0.6044 0.0322 0 1 0
100.24 25 -100.872 0.6319 0.0552 0 1 0
100.239 25 100.871 0.3681 0.0552 0 1 0
117.845 25 79.8309 0.3956 0.0322 0 1 0
100.24 25 -100.872 0.6319 0.0552 0 1 0
100.239 25 100.871 0.3681 0.0552 0 1 0
100.24 25 -100.872 0.6319 0.0552 0 1 0
78.9209 25 -118.18 0.6545 0.0831 0 1 0
78.9199 25 118.179 0.3455 0.0831 0 1 0
100.239 25 100.871 0.3681 0.0552 0 1 0
78.9209 25 -118.18 0.6545 0.0831 0 1 0
78.9199 25 118.179 0.3455 0.0831 0 1 0
78.9209 25 -118.18 0.6545 0.0831 0 1 0
54.4782 25 -131.188 0.6715 0.1151 0 1 0
78.9199 25 118.179 0.3455 0.0831 0 1 0
54.4782 25 -131.188 0.6715 0.1151 0 1 0
27.5 25 -139.327 0.6821 0.1503 0 1 0
54.4774 25 131.187 0.3285 0.1151 0 1 0
78.9199 25 118.179 0.3455 0.0831 0 1 0
27.5 25 -139.327 0.6821 0.1503 0 1 0
27.5 25 139.327 0.3179 0.1503 0 1 0
54.4774 25 131.187 0.3285 0.1151 0 1 0
27.5 25 -139.327 0.6821 0.1503 0 1 0
27.5 25 139.327 0.3179 0.1503 0 1 0
27.5 25 -139.327 0.6821 0.1503 0 1 0
-100.673 25 -267.5 0.8497 0.3179 0 1 0
-100.673 25 267.5 0.1503 0.3179 0 1 0
27.5 25 139.327 0.3179 0.1503 0 1 0
-100.673 25 -267.5 0.8497 0.3179 0 1 0
-100.673 25 267.5 0.1503 0.3179 0 1 0
-100.673 25 -267.5 0.8497 0.3179 0 1 0
-108.813 25 -294.478 0.8849 0.3285 0 1 0
-100.673 25 267.5 0.1503 0.3179 0 1 0
-108.813 25 -294.478 0.8849 0.3285 0 1 0
-121.821 25 -318.92 0.9169 0.3455 0 1 0
-100.673 25 267.5 0.1503 0.3179 0 1 0
-121.821 25 -318.92 0.9169 0.3455 0 1 0
-139.129 25 -340.239 0.9448 0.3681 0 1 0
-100.673 25 267.5 0.1503 0.3179 0 1 0
-139.129 25 -340.239 0.9448 0.3681 0 1 0
-160.169 25 -357.845 0.9678 0.3956 0 1 0
-100.673 25 267.5 0.1503 0.3179 0 1 0
-160.169 25 -357.845 0.9678 0.3956 0 1 0
-184.372 25 -371.15 0.9852 0.4273 0 1 0
-100.673 25 267.5 0.1503 0.3179 0 1 0
-184.372 25 -371.15 0.9852 0.4273 0 1 0
-211.172 25 -379.564 0.9962 0.4623 0 1 0
-100.673 25 267.5 0.1503 0.3179 0 1 0
-211.172 25 -379.564 0.9962 0.4623 0 1 0
-240 25 -382.5 1 0.5 0 1 0
-100.673 25 267.5 0.1503 0.3179 0 1 0
-240 25 -382.5 1 0.5 0 1 0
-268.828 25 -379.565 0.9962 0.5377 0 1 0
-100.673 25 267.5 0.1503 0.3179 0 1 0
-268.828 25 -379.565 0.9962 0.5377 0 1 0
-295.628 25 -371.15 0.9852 0.5727 0 1 0
-100.673 25 267.5 0.1503 0.3179 0 1 0
-295.628 25 -371.15 0.9852 0.5727 0 1 0
-319.832 25 -357.845 0.9678 0.6044 0 1 0
-100.673 25 267.5 0.1503 0.3179 0 1 0
-319.832 25 -357.845 0.9678 0.6044 0 1 0
-340.872 25 -340.24 0.9448 0.6319 0 1 0
-100.673 25 267.5 0.1503 0.3179 0 1 0
-340.872 25 -340.24 0.9448 0.6319 0 1 0
-358.18 25 -318.921 0.9169 0.6545 0 1 0
-100.673 25 267.5 0.1503 0.3179 0 1 0
-358.18 25 -318.921 0.9169 0.6545 0 1 0
-371.188 25 -294.478 0.8849 0.6715 0 1 0
-100.673 25 267.5 0.1503 0.3179 0 1 0
-371.188 25 -294.478 0.8849 0.6715 0 1 0
-379.327 25 -267.5 0.8497 0.6821 0 1 0
-100.673 25 267.5 0.1503 0.3179 0 1 0
-379.327 25 -267.5 0.8497 0.6821 0 1 0
-507.5 25 -139.327 0.6821 0.8497 0 1 0
-100.673 25 267.5 0.1503 0.3179 0 1 0
-507.5 25 -139.327 0.6821 0.8497 0 1 0
-534.477 25 -131.187 0.6715 0.8849 0 1 0
-100.673 25 267.5 0.1503 0.3179 0 1 0
-534.477 25 -131.187 0.6715 0.8849 0 1 0
-558.92 25 -118.179 0.6545 0.9169 0 1 0
-100.673 25 267.5 0.1503 0.3179 0 1 0
-558.92 25 -118.179 0.6545 0.9169 0 1 0
-580.239 25 -100.871 0.6319 0.9448 0 1 0
-100.673 25 267.5 0.1503 0.3179 0 1 0
-580.239 25 -100.871 0.6319 0.9448 0 1 0
-597.845 25 -79.8309 0.6044 0.9678 0 1 0
-100.673 25 267.5 0.1503 0.3179 0 1 0
-597.845 25 -79.8309 0.6044 0.9678 0 1 0
-611.15 25 -55.6272 0.5727 0.9852 0 1 0
-100.673 25 267.5 0.1503 0.3179 0 1 0
-611.15 25 -55.6272 0.5727 0.9852 0 1 0
-619.564 25 -28.8276 0.5377 0.9962 0 1 0
-100.673 25 267.5 0.1503 0.3179 0 1 0
-619.564 25 -28.8276 0.5377 0.9962 0 1 0
-622.5 25 -0 0.5 1 0 1 0
-100.673 25 267.5 0.1503 0.3179 0 1 0
-622.5 25 -0 0.5 1 0 1 0
-619.565 25 28.8282 0.4623 0.9962 0 1 0
-100.673 25 267.5 0.1503 0.3179 0 1 0
-619.565 25 28.8282 0.4623 0.9962 0 1 0
-611.15 25 55.6283 0.4273 0.9852 0 1 0
-100.673 25 267.5 0.1503 0.3179 0 1 0
-611.15 25 55.6283 0.4273 0.9852 0 1 0
-597.846 25 79.8322 0.3956 0.9678 0 1 0
-100.673 25 267.5 0.1503 0.3179 0 1 0
-597.846 25 79.8322 0.3956 0.9678 0 1 0
-580.24 25 100.872 0.3681 0.9448 0 1 0
-100.673 25 267.5 0.1503 0.3179 0 1 0
-580.24 25 100.872 0.3681 0.9448 0 1 0
-558.921 25 118.18 0.3455 0.9169 0 1 0
-108.813 25 294.478 0.1151 0.3285 0 1 0
-100.673 25 267.5 0.1503 0.3179 0 1 0
-558.921 25 118.18 0.3455 0.9169 0 1 0
-268.828 25 379.564 0.0038 0.5377 0 1 0
-240 25 382.5 0 0.5 0 1 0
-211.172 25 379.564 0.0038 0.4623 0 1 0
-268.828 25 379.564 0.0038 0.5377 0 1 0
-211.172 25 379.564 0.0038 0.4623 0 1 0
-184.372 25 371.15 0.0148 0.4273 0 1 0
-295.628 25 371.15 0.0148 0.5727 0 1 0
-268.828 25 379.564 0.0038 0.5377 0 1 0
-184.372 25 371.15 0.0148 0.4273 0 1 0
-295.628 25 371.15 0.0148 0.5727 0 1 0
-184.372 25 371.15 0.0148 0.4273 0 1 0
-160.168 25 357.845 0.0322 0.3956 0 1 0
-319.832 25 357.845 0.0322 0.6044 0 1 0
-295.628 25 371.15 0.0148 0.5727 0 1 0
-160.168 25 357.845 0.0322 0.3956 0 1 0
-340.872 25 340.24 0.0552 0.6319 0 1 0
-319.832 25 357.845 0.0322 0.6044 0 1 0
-160.168 25 357.845 0.0322 0.3956 0 1 0
-340.872 25 340.24 0.0552 0.6319 0 1 0
-160.168 25 357.845 0.0322 0.3956 0 1 0
-139.129 25 340.239 0.0552 0.3681 0 1 0
-358.18 25 318.921 0.0831 0.6545 0 1 0
-340.872 25 340.24 0.0552 0.6319 0 1 0
-139.129 25 340.239 0.0552 0.3681 0 1 0
-358.18 25 318.921 0.0831 0.6545 0 1 0
-139.129 25 340.239 0.0552 0.3681 0 1 0
-121.821 25 318.92 0.0831 0.3455 0 1 0
-371.187 25 294.478 0.1151 0.6715 0 1 0
-358.18 25 318.921 0.0831 0.6545 0 1 0
-121.821 25 318.92 0.0831 0.3455 0 1 0
-379.327 25 267.5 0.1503 0.6821 0 1 0
-371.187 25 294.478 0.1151 0.6715 0 1 0
-121.821 25 318.92 0.0831 0.3455 0 1 0
-379.327 25 267.5 0.1503 0.6821 0 1 0
-121.821 25 318.92 0.0831 0.3455 0 1 0
-108.813 25 294.478 0.1151 0.3285 0 1 0
-507.5 25 139.327 0.3179 0.8497 0 1 0
-379.327 25 267.5 0.1503 0.6821 0 1 0
-108.813 25 294.478 0.1151 0.3285 0 1 0
-507.5 25 139.327 0.3179 0.8497 0 1 0
-108.813 25 294.478 0.1151 0.3285 0 1 0
-558.921 25 118.18 0.3455 0.9169 0 1 0
-534.478 25 131.188 0.3285 0.8849 0 1 0
-507.5 25 139.327 0.3179 0.8497 0 1 0
-558.921 25 118.18 0.3455 0.9169 0 1 0
